0.6206407,0.0066025816,0.37275672
0.38439026,0.08704132,0.5285684
0.93652165,0.0071850056,0.05629327
0.948695,0.017288236,0.03401674
0.4276787,0.00955563,0.56276566
0.5380334,0.0057227057,0.4562439
0.39779732,0.01659041,0.58561224
0.3005608,0.0062753186,0.69316393
0.781666,0.013528794,0.20480517
0.76589686,0.01612044,0.21798263
0.14723101,0.06169865,0.79107034
0.32589278,0.01899425,0.6551129
0.44832075,0.005924988,0.5457543
0.5355373,0.0053695305,0.4590932
0.6144921,0.013360505,0.37214735
0.9203126,0.0043988996,0.07528846
0.6257019,0.003849683,0.37044832
0.9673866,0.004196511,0.02841686
0.79070824,0.010411704,0.19887999
0.6744946,0.03472398,0.2907814
0.35203943,0.40928105,0.23867953
0.8922468,0.003117648,0.10463559
0.82595223,0.0014310513,0.17261676
0.37811166,0.017369483,0.6045189
0.3836161,0.03735958,0.5790243
0.40162057,0.029894091,0.5684853
0.89127046,0.004735601,0.103993975
0.41491184,0.06705165,0.5180365
0.2641494,0.0043858406,0.7314648
0.61058795,0.013542449,0.3758696
0.94318724,0.005464382,0.051348392
0.8602079,0.0017185675,0.13807353
0.66777307,0.04803005,0.28419682
0.8806544,0.017757721,0.10158787
0.9169998,0.0059487014,0.07705144
0.43040147,0.019406626,0.55019194
0.3597348,0.005102085,0.6351631
0.95788413,0.0019983437,0.04011759
0.69338584,0.0067659398,0.29984817
0.7344236,0.010739706,0.2548368
0.6546561,0.007879181,0.33746475
0.52184975,0.05695032,0.4211999
0.8254078,0.0016202596,0.17297193
0.8321109,0.015316187,0.152573
0.68975955,0.010623409,0.29961708
0.8701789,0.022833413,0.10698772
0.71040034,0.007355136,0.28224453
0.58881116,0.011869926,0.39931884
0.8173451,0.0019744977,0.18068041
0.47984368,0.021548316,0.49860805
0.41656753,0.039678417,0.54375404
0.51644474,0.023054926,0.46050033
0.87301344,0.0071068313,0.11987973
0.6260744,0.019743998,0.35418153
0.63325465,0.044742655,0.32200262
0.18427184,0.010778141,0.80495
0.32018214,0.018803151,0.6610147
0.1786633,0.022186788,0.79914993
0.45603088,0.08159696,0.4623722
0.6186451,0.03716996,0.34418496
0.6571285,0.064216234,0.2786553
0.9887223,0.0028152473,0.008462448
0.62352633,0.0035578809,0.3729158
0.24183756,0.2366726,0.5214898
0.9093623,0.00812234,0.0825154
0.682979,0.009851587,0.30716947
0.833993,0.012712194,0.15329474
0.87386525,0.0069825924,0.119152166
0.45803347,0.05390392,0.48806253
0.9234674,0.0010418539,0.075490765
0.61603826,0.016621465,0.36734024
0.8753911,0.0050770836,0.11953177
0.77587634,0.0012286096,0.22289512
0.75850743,0.004768653,0.23672397
0.4471838,0.08938113,0.46343505
0.5143422,0.0052614086,0.4803965
0.78874624,0.0058073257,0.2054464
0.51051205,0.0075701084,0.48191786
0.36653113,0.08472758,0.5487413
0.38421193,0.022406949,0.59338117
0.9919337,0.00012220019,0.007944113
0.9142286,0.0077764466,0.077994935
0.5039785,0.012442268,0.48357928
0.97827154,0.0029430855,0.018785363
0.55671537,0.007999124,0.43528548
0.8604446,0.004966366,0.13458903
0.6381175,0.011661699,0.3502209
0.7594074,0.004536698,0.2360558
0.77309716,0.0032758866,0.22362691
0.87308,0.0029097989,0.12401012
0.85232127,0.008843838,0.13883485
0.50021994,0.028937977,0.47084218
0.8907087,0.0023132975,0.106978096
0.36520898,0.01918473,0.61560625
0.38283592,0.005260732,0.61190337
0.5557747,0.019714791,0.42451054
0.7989581,0.0026803862,0.19836143
0.8159645,0.0041478877,0.17988761
0.672088,0.025471028,0.302441
0.6605755,0.009883297,0.32954124
0.4493079,0.02416867,0.5265235
0.4648303,0.008614131,0.52655554
0.49423844,0.018077023,0.4876845
0.78603095,0.03410705,0.179862
0.25619256,0.009781257,0.73402613
0.8723827,0.02055431,0.107063
0.8499949,0.0048773894,0.14512777
0.46832722,0.012145535,0.5195272
0.99551696,0.0006124478,0.0038705787
0.43029273,0.0048360117,0.5648713
0.38925698,0.018388316,0.5923547
0.7027534,0.004966449,0.29228014
0.7241931,0.005608306,0.27019858
0.5424333,0.014898203,0.4426684
0.81335306,0.008649276,0.17799771
0.94487256,0.005740604,0.0493868
0.3834043,0.018558223,0.5980375
0.5052682,0.008503108,0.4862287
0.7330604,0.03703938,0.22990024
0.70553744,0.013697987,0.28076455
0.7108938,0.0036980372,0.28540814
0.75687075,0.0064876466,0.23664163
0.27480802,0.022577567,0.70261437
0.8751677,0.010123997,0.11470824
0.43262836,0.0104564205,0.5569152
0.70622057,0.0050440556,0.2887354
0.704966,0.003922404,0.29111156
0.8860136,0.009903288,0.10408313
0.5472262,0.041327327,0.41144642
0.8503978,0.016102387,0.1334998
0.9271522,0.009900456,0.06294735
0.8812642,0.0033405244,0.11539525
0.78585106,0.014266101,0.19988288
0.30181956,0.12747179,0.57070863
0.9712622,0.0009462107,0.027791616
0.6502933,0.011553478,0.33815324
0.87503755,0.0032154839,0.12174696
0.9712941,0.0029879797,0.025717814
0.42474008,0.034160428,0.54109955
0.43044177,0.012728903,0.55682933
0.6627264,0.020599851,0.3166738
0.9154779,0.008828531,0.07569353
0.23672184,0.091379896,0.67189825
0.3538471,0.014344148,0.63180876
0.5511713,0.020160738,0.42866793
0.6419354,0.00682083,0.35124376
0.6744603,0.015026402,0.31051332
0.65798104,0.012728358,0.32929057
0.5364992,0.025357803,0.43814307
0.31001708,0.05635906,0.6336239
0.77010936,0.01081478,0.2190758
0.7853405,0.004525468,0.21013404
0.70951146,0.008467746,0.2820208
0.80163455,0.016249122,0.18211627
0.8551821,0.003636427,0.14118153
0.85187507,0.0026537434,0.14547123
0.57259566,0.03842979,0.38897458
0.4641835,0.004307893,0.53150856
0.3656286,0.007834722,0.62653667
0.7715302,0.010091885,0.21837792
0.23111612,0.018553473,0.75033045
0.9537901,0.0065589147,0.039650965
0.9448996,0.009206405,0.045894034
0.26828602,0.046023514,0.68569046
0.7761081,0.010886431,0.21300541
0.51218027,0.021478772,0.46634102
0.7704197,0.0013804686,0.22819984
0.54823834,0.048818056,0.40294358
0.7217294,0.0028404542,0.27543017
0.77221715,0.019182116,0.20860073
0.38059792,0.022840384,0.5965617
0.5884674,0.0076246574,0.40390787
0.5906901,0.02534647,0.3839634
0.6408085,0.010541269,0.34865016
0.6615445,0.037009,0.30144647
0.6380493,0.009734417,0.35221624
0.46600017,0.042100877,0.49189904
0.56508243,0.008598722,0.42631888
0.8820591,0.007854699,0.110086255
0.49681216,0.018110594,0.48507723
0.7509876,0.028146898,0.22086553
0.9454437,0.009092541,0.045463774
0.68987113,0.008797782,0.3013311
0.29137754,0.012305144,0.69631726
0.6799724,0.013930043,0.30609757
0.6650942,0.010144391,0.3247614
0.80603355,0.038102925,0.15586357
0.36768153,0.011294002,0.6210244
0.41691262,0.008821285,0.5742661
0.79531294,0.03030759,0.1743794
0.86435264,0.020150045,0.11549727
0.51547146,0.008284763,0.47624388
0.6491156,0.014382722,0.33650163
0.8824299,0.0055098794,0.11206024
0.7378542,0.007882977,0.2542629
0.92491275,0.003946095,0.07114115
0.77987814,0.0033468804,0.216775
0.15229358,0.022363437,0.825343
0.5981505,0.016219044,0.38563043
0.7233044,0.008352383,0.26834324
0.9589954,0.008349507,0.03265506
0.24850483,0.028226877,0.72326833
0.7008602,0.0037632086,0.2953765
0.45468882,0.044294346,0.50101686
0.97485006,0.0051847342,0.019965194
0.5652975,0.042521134,0.39218137
0.9494668,0.020182433,0.03035076
0.9210443,0.0019127207,0.07704298
0.7415014,0.029473685,0.2290249
0.475861,0.01757463,0.5065644
0.5960801,0.016053652,0.3878663
0.49526504,0.01363884,0.49109617
0.842371,0.0020258958,0.15560311
0.3134323,0.006552186,0.68001544
0.7598005,0.007919118,0.23228042
0.33288395,0.0044244453,0.6626916
0.6906761,0.03140196,0.27792194
0.32323393,0.033837922,0.6429282
0.76262265,0.014045239,0.2233321
0.93667096,0.0049872333,0.05834178
0.84198886,0.009771271,0.1482398
0.83694804,0.029002152,0.1340498
0.773445,0.008259223,0.21829577
0.82684666,0.0013120059,0.17184132
0.7881627,0.001498619,0.21033874
0.7481006,0.029260146,0.2226393
0.7798422,0.010147051,0.21001072
0.8489336,0.0045331754,0.14653324
0.9456909,0.0020823907,0.05222668
0.5606307,0.051288255,0.3880811
0.9757179,0.008719918,0.01556223
0.69257224,0.015704501,0.29172322
0.71243775,0.00028115584,0.28728116
0.8913769,0.0016482171,0.106974915
0.76830274,0.0103507675,0.22134659
0.501205,0.02098053,0.47781447
0.677092,0.024297034,0.29861096
0.6979219,0.011425332,0.2906527
0.47872928,0.011362623,0.5099081
0.71432793,0.028856881,0.25681514
0.6971601,0.029671548,0.27316833
0.676977,0.0050680703,0.31795493
0.6819908,0.008433767,0.3095754
0.96480525,0.0013095902,0.033885214
0.42443743,0.018549979,0.5570126
0.3510612,0.059860222,0.5890786
0.5672821,0.035532612,0.39718527
0.40284744,0.017598988,0.5795536
0.7093454,0.04988617,0.24076842
0.9420475,0.0046049855,0.053347453
0.95039344,0.0056492523,0.04395722
0.59735405,0.010798719,0.39184722
0.6991272,0.080081455,0.2207913
0.28155652,0.024458561,0.6939849
0.36118704,0.010826817,0.6279862
0.5506934,0.03792118,0.41138545
0.73248494,0.0065729567,0.26094213
0.31845096,0.040097553,0.6414515
0.8396504,0.016207397,0.14414217
0.5846795,0.02135838,0.39396217
0.29252148,0.00051833264,0.7069602
0.6011889,0.041278906,0.35753217
0.8814597,0.007953633,0.11058662
0.48485667,0.023667503,0.49147585
0.79625183,0.0026265862,0.20112161
0.5189496,0.013410442,0.46763995
0.40091154,0.022413025,0.5766754
0.9349199,0.018682739,0.046397343
0.9178649,0.003731886,0.07840316
0.74030316,0.012080762,0.24761611
0.03476853,0.17604557,0.7891859
0.29197124,0.0339143,0.6741145
0.50353456,0.013419861,0.48304558
0.8284428,0.008199257,0.16335794
0.9818777,0.005559292,0.012563102
0.27531502,0.16783303,0.5568519
0.8356071,0.019439608,0.14495331
0.48833138,0.023502665,0.48816597
0.29125866,0.024429632,0.68431175
0.49013168,0.0032573594,0.5066109
0.8716271,0.03210227,0.0962706
0.92714983,0.0031744358,0.06967575
0.23262289,0.029895533,0.7374816
0.77683675,0.002723159,0.22044004
0.45237947,0.034025364,0.5135952
0.25180766,0.087065846,0.6611265
0.6772705,0.0030048033,0.31972468
0.31266496,0.019393679,0.6679414
0.9785646,0.0037738646,0.017661497
0.32634377,0.013098303,0.6605579
0.54505974,0.016532203,0.43840808
0.4457021,0.012613485,0.5416844
0.28366756,0.058639977,0.65769243
0.77301073,0.006932627,0.22005667
0.7649005,0.0045997635,0.23049973
0.8960353,0.011223757,0.09274096
0.9845675,0.0035262296,0.011906185
0.9078091,0.01129681,0.08089408
0.73477906,0.030656382,0.23456451
0.8710949,0.008690627,0.12021449
0.85579747,0.008432055,0.13577048
0.5066436,0.023251342,0.47010505
0.69345766,0.008203158,0.2983392
0.4528437,0.0061434456,0.5410129
0.85832506,0.016868886,0.12480598
0.65657574,0.02561559,0.3178087
0.70705026,0.00792341,0.28502628
0.7179975,0.030316472,0.251686
0.9120986,0.0038089717,0.084092475
0.8692853,0.011906345,0.11880839
0.8395846,0.004347886,0.1560675
0.52654135,0.031163586,0.44229504
0.75388575,0.009408512,0.23670578
0.60360396,0.005839045,0.390557
0.26762694,0.05471978,0.6776533
0.90741724,0.003876091,0.08870675
0.3219566,0.009531087,0.6685122
0.86175644,0.009504948,0.12873857
0.65357983,0.0073295506,0.33909068
0.89206743,0.0038407794,0.104091756
0.7623958,0.07457829,0.16302592
0.3658337,0.023652295,0.61051404
0.68262005,0.027508497,0.28987142
0.55132854,0.0136746345,0.43499678
0.514008,0.013002594,0.4729894
0.95084137,0.0048804353,0.04427816
0.98947144,0.004495603,0.0060329884
0.8324012,0.013333205,0.15426563
0.6942807,0.0054030735,0.3003163
0.86810714,0.013555136,0.11833763
0.7608916,0.01444489,0.2246634
0.90113246,0.009486391,0.08938118
0.9646971,0.0017731772,0.033529636
0.11653818,0.26981118,0.6136506
0.48126537,0.022733225,0.49600142
0.7136302,0.02288299,0.2634868
0.5145516,0.02635304,0.45909542
0.4103908,0.034105796,0.5555034
0.5279038,0.00922649,0.46286967
0.90740186,0.011266706,0.08133145
0.81168526,0.012351329,0.17596343
0.5838644,0.019295098,0.3968405
0.5524311,0.14474656,0.30282235
0.7778341,0.030936688,0.19122918
0.92486256,0.0053178654,0.06981951
0.76240504,0.008709737,0.22888519
0.9061319,0.004195503,0.08967261
0.21230844,0.031810068,0.7558815
0.5016945,0.02104728,0.47725824
0.23448654,0.02071811,0.7447954
0.2736512,0.013960829,0.7123879
0.8640815,0.008629602,0.12728892
0.8231336,0.019537969,0.1573284
0.9365268,0.012816157,0.050657064
0.8778722,0.001489313,0.12063855
0.5167774,0.0070477435,0.47617486
0.21096222,0.044259813,0.744778
0.73721486,0.009016334,0.2537688
0.8408809,0.011653166,0.14746596
0.13533062,0.0549555,0.80971384
0.9395072,0.005684843,0.054808
0.8558775,0.008858522,0.135264
0.62554973,0.007986403,0.36646393
0.7416846,0.0066382233,0.25167716
0.6431289,0.012610165,0.3442609
0.83636427,0.013322914,0.15031283
0.83801717,0.013579211,0.14840358
0.6198077,0.016231066,0.36396113
0.5273066,0.008671669,0.46402174
0.8955866,0.0055775484,0.098835774
0.6369625,0.005874832,0.35716265
0.47373742,0.024232185,0.5020304
0.8038128,0.019178297,0.17700894
0.39721063,0.061498158,0.5412912
0.58309704,0.003607182,0.41329572
0.25634378,0.018845262,0.724811
0.5134066,0.007302997,0.47929046
0.25811976,0.019290706,0.7225895
0.382157,0.04618688,0.57165605
0.79141825,0.011222006,0.1973597
0.6363419,0.0054544876,0.35820362
0.7821392,0.0031796503,0.21468118
0.3703066,0.025469724,0.6042237
0.7370189,0.012367711,0.25061345
0.88202965,0.0023021605,0.11566823
0.90375495,0.004218612,0.09202652
0.5280955,0.01611402,0.45579055
0.28392756,0.042083457,0.673989
0.83719426,0.017828077,0.1449776
0.7559753,0.0118946405,0.23213007
0.35216522,0.015366816,0.6324679
0.86413395,0.0023817956,0.13348429
0.76444834,0.013950605,0.22160102
0.9577813,0.0006890969,0.041529674
0.43119824,0.0074003697,0.5614013
0.6969858,0.028009247,0.27500495
0.7382685,0.011668444,0.25006312
0.5473669,0.008695494,0.4439376
0.8765151,0.002978459,0.120506436
0.038261615,0.10914565,0.85259277
0.4883538,0.019130228,0.49251604
0.77284944,0.0038273984,0.22332318
0.76566064,0.008176358,0.22616294
0.41877353,0.020411458,0.560815
0.8403115,0.00804494,0.15164354
0.6727951,0.02322334,0.3039816
0.8347176,0.017088119,0.14819436
0.78915954,0.015422555,0.19541788
0.23979035,0.05629503,0.7039146
0.79614705,0.01062185,0.19323117
0.587962,0.006414708,0.40562335
0.64674175,0.0047308966,0.34852737
0.070869714,0.0352521,0.8938782
0.44174597,0.009405981,0.54884803
0.72591406,0.01825744,0.25582844
0.14657752,0.039694447,0.813728
0.91640687,0.01956644,0.064026676
0.77930564,0.020184344,0.20051001
0.94851726,0.002927017,0.04855572
0.5301935,0.017546106,0.45226043
0.37131786,0.02382085,0.60486126
0.68456256,0.0037196486,0.31171775
0.59983534,0.03863809,0.3615266
0.27683955,0.038469627,0.6846909
0.5921662,0.026199268,0.3816346
0.20281097,0.017771656,0.77941746
0.7036973,0.009518727,0.286784
0.7443217,0.016881494,0.23879686
0.96110135,0.007015646,0.03188305
0.8845643,0.0024962346,0.1129394
0.4784692,0.029219834,0.492311
0.6884756,0.014762397,0.29676193
0.7655076,0.010255073,0.2242374
0.6970734,0.083772406,0.2191542
0.36981082,0.039243355,0.59094584
0.6079164,0.008675606,0.38340795
0.97224754,0.009127351,0.018625213
0.089713834,0.14449796,0.7657882
0.33881187,0.006435023,0.65475315
0.263096,0.03455314,0.7023509
0.76080054,0.00864312,0.23055632
0.6483919,0.019720616,0.33188748
0.7807943,0.0049884743,0.21421717
0.44318244,0.015805744,0.5410118
0.8204807,0.0064685717,0.17305064
0.56810296,0.018376201,0.41352084
0.6713466,0.012771254,0.31588218
0.84730506,0.012056571,0.14063837
0.9559287,0.0033417984,0.040729497
0.6941383,0.0054288106,0.30043286
0.63015205,0.009379491,0.3604685
0.39494133,0.05110967,0.553949
0.33708665,0.009425612,0.65348774
0.94338155,0.0076668654,0.048951674
0.78658485,0.026238825,0.18717635
0.36918113,0.021040877,0.60977805
0.73285025,0.059175897,0.2079738
0.824262,0.0059660017,0.16977191
0.3218609,0.006123025,0.672016
0.89076126,0.0043774694,0.10486128
0.67186433,0.005326857,0.32280874
0.5108115,0.021211391,0.46797714
0.92389226,0.003304837,0.07280294
0.68899673,0.00796067,0.30304265
0.74507684,0.0038644103,0.25105876
0.5519814,0.024936255,0.42308235
0.45924693,0.027245883,0.5135072
0.97296494,0.00091343076,0.026121615
0.50237197,0.005495248,0.49213272
0.5498099,0.015057242,0.43513286
0.403929,0.020289436,0.5757815
0.37916717,0.04661035,0.57422245
0.14977656,0.15714052,0.69308287
0.13608643,0.023819776,0.8400938
0.9038072,0.00093588606,0.09525695
0.8595284,0.009493972,0.13097762
0.93543077,0.010340114,0.054229237
0.6630708,0.003308787,0.3336204
0.4858025,0.024181355,0.49001616
0.8228652,0.010452796,0.16668198
0.6299219,0.022482973,0.3475951
0.6128751,0.030662134,0.35646272
0.96469617,0.0016142105,0.03368957
0.7212327,0.022361735,0.2564055
0.5693054,0.021477684,0.40921685
0.63748586,0.016310899,0.3462033
0.5706854,0.011967698,0.41734695
0.7455387,0.010722629,0.24373865
0.037478156,0.1254425,0.83707935
0.67108524,0.021461297,0.30745342
0.7052512,0.0056859995,0.28906274
0.620545,0.0027401003,0.37671492
0.89032626,0.0049653174,0.10470841
0.54911315,0.005064001,0.44582283
0.3589388,0.02218096,0.6188802
0.6946765,0.0137743745,0.29154918
0.5114747,0.020986697,0.46753854
0.7061952,0.036640067,0.2571647
0.45365727,0.064374514,0.4819682
0.87027025,0.0037665507,0.12596317
0.5218469,0.005359906,0.47279322
0.6014831,0.045976914,0.35254
0.42478448,0.03093934,0.5442762
0.58608115,0.019119423,0.39479944
0.61225265,0.0026500023,0.38509732
0.061560586,0.03251216,0.90592724
0.4658882,0.013333266,0.5207785
0.27470368,0.057637494,0.66765887
0.6908151,0.008728982,0.30045584
0.6982797,0.08394573,0.21777457
0.98064834,0.0012369376,0.01811475
0.07023285,0.45813352,0.47163364
0.502887,0.053503104,0.44360983
0.20915139,0.097135946,0.69371265
0.5232145,0.03495175,0.44183376
0.5312465,0.0041713202,0.46458223
0.70380604,0.008413652,0.28778026
0.91911244,0.0043047457,0.076582804
0.59719986,0.026241014,0.37655917
0.47161037,0.03816456,0.49022508
0.16439646,0.027841162,0.8077623
0.9664759,0.0044344426,0.029089635
0.23459974,0.07490359,0.6904967
0.8122392,0.009112663,0.17864811
0.89651924,0.0052773203,0.09820344
0.9024239,0.0076946556,0.08988137
0.60554177,0.017174667,0.3772835
0.92814714,0.001096339,0.07075646
0.24084444,0.18424971,0.5749059
0.9920223,0.000971957,0.0070056897
0.8992646,0.034948796,0.06578656
0.34028587,0.019957034,0.6397571
0.19867715,0.03934306,0.76197976
0.8608789,0.039319955,0.099801145
0.9219833,0.0017294047,0.076287284
0.94060594,0.004194264,0.055199765
0.9771022,0.0014679577,0.021429831
0.46234566,0.009119191,0.5285351
0.85211676,0.0072658397,0.1406174
0.7564806,0.0035012094,0.24001819
0.8985332,0.0040808213,0.09738595
0.51642716,0.017206203,0.46636665
0.62356454,0.00444134,0.37199414
0.90663934,0.005796982,0.087563716
0.34800658,0.046039205,0.6059542
0.556791,0.01501797,0.42819098
0.6946618,0.03233098,0.27300727
0.34032044,0.028676774,0.6310028
0.71184707,0.022685455,0.26546744
0.57728386,0.013518315,0.40919778
0.79868245,0.002851668,0.1984659
0.7287162,0.008749457,0.2625343
0.35507903,0.014006472,0.6309145
0.84372777,0.0045462903,0.15172595
0.9874549,0.0010911059,0.011453977
0.86626464,0.008434043,0.12530138
0.97066915,0.0019840826,0.027346753
0.9454514,0.006190347,0.04835831
0.9685292,0.0021765477,0.029294252
0.9122324,0.0073093926,0.080458194
0.45565563,0.02975884,0.5145855
0.7214613,0.027013676,0.25152498
0.43864995,0.037937704,0.5234124
0.4543102,0.006184651,0.5395051
0.8929527,0.0006256795,0.10642162
0.93383884,0.0038076246,0.06235346
0.74681467,0.005041321,0.248144
0.30642104,0.015871445,0.6777075
0.46261778,0.05323175,0.48415047
0.85250455,0.010142556,0.13735291
0.97039086,0.0013085199,0.028300496
0.4255705,0.022878492,0.551551
0.4190182,0.044170048,0.53681177
0.3537714,0.17521904,0.47100952
0.89100516,0.01530464,0.093690164
0.69348013,0.004775605,0.30174428
0.8206023,0.032431602,0.14696606
0.88498235,0.00508597,0.10993171
0.9965893,0.0011356436,0.002275029
0.91568005,0.013707433,0.07061252
0.70062166,0.05818155,0.24119681
0.37096822,0.01564185,0.61338997
0.89241016,0.0073365592,0.1002533
0.3850834,0.02095987,0.59395677
0.9179304,0.027693447,0.05437606
0.76790947,0.007375263,0.22471522
0.6452139,0.009176847,0.34560925
0.77042264,0.0034588666,0.22611852
0.5228287,0.021502802,0.45566848
0.83227104,0.02164938,0.14607953
0.40685558,0.011469907,0.5816745
0.98987037,0.0013735859,0.008756093
0.6304782,0.02352118,0.34600067
0.21005821,0.02070933,0.7692324
0.44307622,0.016376546,0.5405472
0.7783775,0.013344062,0.20827848
0.3726233,0.035140794,0.59223586
0.78144795,0.020353448,0.19819863
0.89922506,0.005137197,0.09563778
0.7059999,0.010352883,0.2836472
0.97174555,0.0031365308,0.025117971
0.7976445,0.0019306983,0.20042478
0.69817895,0.032879066,0.26894206
0.87969595,0.0153233195,0.104980744
0.46260688,0.015384059,0.522009
0.83422095,0.0052587395,0.16052033
0.9291743,0.0025157987,0.06830982
0.5855775,0.017886793,0.39653575
0.404243,0.020140976,0.57561594
0.44617835,0.023059726,0.5307619
0.896602,0.009533489,0.09386453
0.44850996,0.008927899,0.5425621
0.7516306,0.011784527,0.23658489
0.49179193,0.029941171,0.4782669
0.9688363,0.005095466,0.026068168
0.8773791,0.008978797,0.11364204
0.44697633,0.016633617,0.53639007
0.68660474,0.0073329844,0.30606225
0.551544,0.05016332,0.3982927
0.7047499,0.03800563,0.2572445
0.53075033,0.017831536,0.45141804
0.86840284,0.0038288862,0.12776828
0.7930909,0.024712624,0.18219648
0.6086497,0.0069083814,0.3844419
0.5232489,0.013910425,0.46284062
0.54410666,0.016403643,0.43948966
0.67436916,0.008206605,0.31742424
0.63121074,0.012842959,0.35594636
0.79930955,0.0045315158,0.19615903
0.8012729,0.001598269,0.19712883
0.27207115,0.04153829,0.6863905
0.93940777,0.0108198915,0.04977238
0.68589306,0.02631498,0.28779194
0.82310444,0.012581781,0.16431385
0.60332406,0.03197735,0.36469856
0.36987016,0.020441774,0.6096881
0.24134175,0.07395515,0.6847031
0.99393207,0.002718179,0.003349735
0.2045028,0.028501816,0.7669953
0.29754797,0.0054022786,0.69704974
0.6971837,0.011112261,0.2917041
0.5898875,0.0057353033,0.4043772
0.9431961,0.0022104862,0.05459331
0.6505079,0.013372238,0.33611986
0.97065574,0.009083419,0.020260746
0.827512,0.03367661,0.1388113
0.9502521,0.009132238,0.040615737
0.9462478,0.0019568312,0.05179533
0.93957275,0.005641908,0.054785274
0.26780698,0.025017735,0.7071753
0.36944756,0.019987265,0.6105652
0.9546114,0.007757117,0.0376315
0.8116863,0.0071923006,0.18112141
0.5187383,0.019958856,0.46130282
0.6686902,0.008642253,0.32266757
0.8466845,0.0020009729,0.15131453
0.6078891,0.018562162,0.37354875
0.81872433,0.0038477473,0.17742792
0.4318076,0.0029444366,0.565248
0.3810484,0.024843043,0.5941085
0.9295348,0.010813695,0.059651624
0.95995754,0.011802072,0.028240334
0.5762425,0.016206559,0.40755084
0.6563339,0.023603555,0.3200625
0.9246632,0.0018260386,0.07351075
0.61919487,0.007505857,0.3732993
0.87567234,0.004710676,0.11961704
0.52370393,0.014309433,0.4619866
0.57069665,0.017801512,0.41150185
0.25751668,0.014533777,0.72794956
0.87454027,0.013547651,0.11191206
0.9669378,0.002041707,0.031020429
0.4904509,0.046635784,0.46291336
0.20352317,0.05153615,0.74494064
0.45366284,0.0065000993,0.539837
0.70501834,0.013225078,0.28175652
0.89949685,0.0032943718,0.097208716
0.87690806,0.004226763,0.1188651
0.72529906,0.0046103094,0.2700906
0.43909222,0.015126324,0.54578143
0.7300137,0.005862704,0.26412362
0.7218088,0.0066810534,0.27151012
0.636364,0.02799029,0.33564568
0.42942667,0.011295878,0.5592775
0.9847743,0.0008975638,0.014328052
0.8549813,0.010114544,0.13490424
0.6609231,0.024995554,0.31408137
0.8518502,0.0017940335,0.14635572
0.96379805,0.0038202323,0.03238172
0.61880964,0.0236805,0.3575099
0.5074538,0.052732084,0.43981415
0.6404721,0.01081537,0.34871244
0.5556707,0.022333598,0.42199576
0.7379449,0.0059156786,0.25613943
0.9244096,0.0025408503,0.07304954
0.6807194,0.035179388,0.28410125
0.1788756,0.06510113,0.75602335
0.74780065,0.008581977,0.24361731
0.39616954,0.021409884,0.5824206
0.8582065,0.0059751384,0.13581838
0.23653518,0.04693419,0.7165307
0.6878997,0.0058125486,0.30628777
0.47640792,0.012666298,0.5109258
0.96870875,0.0021577822,0.029133493
0.33289617,0.027533356,0.6395705
0.35208532,0.10982202,0.5380926
0.8514737,0.006240836,0.14228545
0.44731894,0.01066047,0.5420206
0.5278916,0.023917079,0.4481913
0.63521725,0.020368302,0.34441435
0.3090782,0.03333728,0.65758455
0.42380205,0.030523904,0.5456741
0.32161722,0.1514687,0.5269141
0.3867854,0.0030550864,0.6101596
0.74128985,0.019575076,0.2391351
0.56088495,0.010138131,0.42897695
0.78364706,0.009844018,0.20650892
0.64167726,0.009637191,0.34868562
0.818899,0.0032851761,0.17781577
0.36444744,0.0133990105,0.62215364
0.87717867,0.003971896,0.11884941
0.93160546,0.008708911,0.05968561
0.6166653,0.02929266,0.354042
0.20245698,0.28229663,0.51524645
0.84233356,0.0035266534,0.15413979
0.9128214,0.0017476123,0.085431
0.79001886,0.0075524156,0.20242882
0.67004913,0.018646263,0.31130454
0.9137926,0.0010508489,0.08515654
0.9861632,0.00049879344,0.0133380275
0.73847246,0.0129803,0.24854723
0.450756,0.0039403667,0.54530364
0.37409666,0.05707886,0.56882447
0.5302803,0.022793487,0.44692615
0.99438995,0.0007763405,0.004833742
0.50486565,0.023470793,0.4716636
0.9589897,0.0011307901,0.039879575
0.70025134,0.02154466,0.2782039
0.56660557,0.0069286404,0.42646578
0.6614532,0.028554332,0.30999246
0.8886055,0.009638447,0.10175609
0.96450627,0.0010761466,0.03441758
0.37168747,0.042619534,0.58569294
0.907539,0.00077674794,0.09168427
0.4943356,0.058274083,0.44739038
0.83625853,0.020944258,0.14279729
0.69365543,0.013959423,0.29238516
0.928186,0.0048804698,0.06693358
0.7375753,0.010601663,0.25182307
0.7341793,0.010402132,0.2554185
0.41521043,0.029736547,0.555053
0.9194339,0.0013665056,0.0791995
0.7915976,0.014171484,0.19423091
0.37569484,0.008259699,0.6160454
0.8689288,0.006876625,0.12419459
0.6260126,0.0062203244,0.36776707
0.590104,0.011479035,0.39841694
0.9215734,0.0062594027,0.0721672
0.15816708,0.024694659,0.81713825
0.15578267,0.016185232,0.82803214
0.6304478,0.011406869,0.35814536
0.07934955,0.22747223,0.69317824
0.50894797,0.02285835,0.4681937
0.3334616,0.041215315,0.6253231
0.8685145,0.0037510216,0.12773442
0.7515682,0.024622124,0.22380973
0.21877456,0.18435141,0.596874
0.65464437,0.019767411,0.3255882
0.75417405,0.0059731863,0.23985276
0.68264544,0.0024525037,0.3149021
0.45483205,0.0047449158,0.54042304
0.8601008,0.011436621,0.12846261
0.59751076,0.014737214,0.3877519
0.9565814,0.0015402198,0.041878257
0.611974,0.023278618,0.36474732
0.3686759,0.021666564,0.6096576
0.33221948,0.021715345,0.6460651
0.5690138,0.015117329,0.4158689
0.5785392,0.007739517,0.41372126
0.95794386,0.0026969034,0.0393593
0.87027514,0.004160727,0.12556423
0.5130887,0.010635754,0.47627562
0.7389704,0.0022470942,0.25878257
0.8339713,0.007167553,0.1588611
0.95948637,0.003999454,0.036514185
0.34865865,0.0043054186,0.6470359
0.49466792,0.014068254,0.49126393
0.5419724,0.025031198,0.43299633
0.6899939,0.028527312,0.2814788
0.62894773,0.0961424,0.27490982
0.8016954,0.012652423,0.18565215
0.24684654,0.026408155,0.72674537
0.59881026,0.0068890536,0.39430067
0.46354872,0.019837404,0.51661384
0.74766487,0.046294272,0.20604081
0.85947305,0.0090420395,0.1314849
0.80223453,0.01661997,0.18114543
0.61441,0.013655378,0.37193462
0.91966325,0.0010736352,0.07926312
0.6087249,0.012284407,0.37899068
0.67950237,0.017509531,0.30298814
0.79470634,0.007911552,0.19738208
0.3873768,0.014517486,0.5981058
0.6994096,0.017118027,0.28347245
0.9255559,0.022272576,0.052171603
0.8568414,0.008971539,0.13418707
0.8620898,0.0071846163,0.13072559
0.941519,0.004790417,0.053690575
0.38396525,0.023341632,0.5926931
0.93741256,0.005592159,0.056995355
0.74286294,0.0044295867,0.2527075
0.62798816,0.024094058,0.34791785
0.7424161,0.005784242,0.2517997
0.40460554,0.02221563,0.57317877
0.5796418,0.014625638,0.40573254
0.9587997,0.010194905,0.031005302
0.57285404,0.0524498,0.37469614
0.84022397,0.032016862,0.1277592
0.5684684,0.007999357,0.42353222
0.47568193,0.014293273,0.5100248
0.14681107,0.022150356,0.8310386
0.7488272,0.013290378,0.23788239
0.985501,0.0005307278,0.013968214
0.85192496,0.004324206,0.14375083
0.952843,0.010909718,0.036247157
0.5196088,0.017669335,0.46272182
0.7943604,0.0050538983,0.20058571
0.71193695,0.01675435,0.27130866
0.8736712,0.0062478906,0.12008083
0.6681453,0.013951091,0.31790355
0.94633514,0.007182923,0.046481896
0.5599751,0.059118893,0.38090605
0.54850596,0.022600984,0.42889303
0.86469585,0.009102344,0.12620184
0.7681746,0.022877228,0.20894815
0.6497254,0.0041610864,0.3461136
0.90069515,0.0035528098,0.0957521
0.84266347,0.007880083,0.14945644
0.4775418,0.011371779,0.51108646
0.71074075,0.009435902,0.27982336
0.90946,0.008028632,0.082511365
0.5419852,0.022285005,0.43572983
0.5228184,0.012978045,0.46420366
0.622598,0.011563019,0.36583903
0.7505193,0.010560138,0.23892063
0.88236815,0.011556917,0.10607484
0.9120777,0.00852178,0.07940048
0.5866219,0.016726943,0.39665118
0.88171035,0.011718152,0.10657154
0.8908524,0.009624284,0.09952332
0.52842224,0.0083829295,0.4631948
0.9400372,0.0020908117,0.057871964
0.2107983,0.07564661,0.7135551
0.7364431,0.048219603,0.21533732
0.27890605,0.014779542,0.7063144
0.6263463,0.010742262,0.36291155
0.38440818,0.02593319,0.58965856
0.70934236,0.017391196,0.2732665
0.7854229,0.005488137,0.20908897
0.95237494,0.0037620142,0.043863088
0.6310217,0.005950414,0.36302793
0.6541412,0.028874326,0.31698447
0.89000946,0.002929059,0.10706145
0.9483444,0.002313975,0.049341623
0.92012596,0.008087785,0.07178626
0.5439678,0.023528503,0.4325037
0.67768055,0.0021480233,0.3201714
0.60910785,0.012580066,0.37831205
0.9488371,0.003464397,0.047698468
0.99272937,0.001375969,0.005894625
0.65723103,0.017108757,0.3256602
0.43332598,0.016638769,0.55003524
0.99398935,0.0014540146,0.0045566037
0.93537694,0.0041768304,0.060446292
0.24152207,0.021317927,0.73715997
0.8983176,0.003896472,0.097785935
0.7399853,0.02221711,0.23779759
0.8739407,0.005033099,0.12102616
0.6245575,0.0170165,0.35842597
0.7524288,0.0030465054,0.24452466
0.74855477,0.00709602,0.24434918
0.44967312,0.0252098,0.52511704
0.6932358,0.010347196,0.29641697
0.20721084,0.052835852,0.73995334
0.7348873,0.006500804,0.25861186
0.67003804,0.001082509,0.32887945
0.3116745,0.02681949,0.661506
0.93914664,0.0075517693,0.053301528
0.6993708,0.0137031255,0.2869261
0.6526294,0.0080304835,0.33934015
0.86077183,0.0036735472,0.1355547
0.6953555,0.009288703,0.29535577
0.49634415,0.021288572,0.48236725
0.71632224,0.020303238,0.2633745
0.88057107,0.006903664,0.11252519
0.58958787,0.015249898,0.39516228
0.70033157,0.014042726,0.2856257
0.30419832,0.10500408,0.59079754
0.5881632,0.0049213693,0.40691543
0.6994511,0.015324855,0.285224
0.8174061,0.00474213,0.17785181
0.8517176,0.007855854,0.14042658
0.52057976,0.03341714,0.44600302
0.5239728,0.012463971,0.46356314
0.7606122,0.0053720977,0.2340156
0.552069,0.008334757,0.43959624
0.56541157,0.0074759414,0.42711252
0.81468517,0.015031105,0.17028365
0.96803063,0.0044794437,0.027489921
0.9472088,0.0014249525,0.051366217
0.894478,0.0035970795,0.10192493
0.92358565,0.007594969,0.06881946
0.27108854,0.06330501,0.66560644
0.7053396,0.008660453,0.28599995
0.3837103,0.03138688,0.5849029
0.42327696,0.027353497,0.54936963
0.8247708,0.0094852755,0.16574392
0.7123815,0.008837161,0.27878138
0.88599163,0.017853783,0.096154585
0.5390035,0.0021326335,0.45886382
0.81946135,0.014662492,0.16587609
0.79207265,0.0069495137,0.20097783
0.5118342,0.034844484,0.45332134
0.74261814,0.003946073,0.25343573
0.43646696,0.031461816,0.5320713
0.5953624,0.02598698,0.3786506
0.41642287,0.014351915,0.5692252
0.93623215,0.0050546983,0.058713116
0.41878706,0.0091860285,0.57202685
0.88661885,0.0014987612,0.11188244
0.9021938,0.0019017224,0.09590447
0.96699196,0.0016175243,0.031390443
0.846135,0.003647941,0.15021697
0.73731583,0.0054512457,0.25723293
0.98717,0.0038200025,0.009010045
0.364863,0.061182894,0.5739541
0.7729537,0.013964956,0.21308136
0.7000007,0.013370306,0.28662905
0.39255938,0.0636298,0.5438109
0.6208051,0.0077871745,0.37140778
0.39800718,0.06411154,0.53788126
0.95907533,0.0016217722,0.039302867
0.5231963,0.020915186,0.4558886
0.8685143,0.006234325,0.12525135
0.8624145,0.004578041,0.13300751
0.4180915,0.052837912,0.52907056
0.974329,0.0065864115,0.019084513
0.7897082,0.026545845,0.18374601
0.41745925,0.007751701,0.57478905
0.839385,0.009619943,0.1509951
0.60731214,0.015064053,0.37762383
0.9066758,0.018617278,0.07470697
0.27453855,0.04699108,0.6784704
0.6607058,0.01756577,0.3217284
0.79003537,0.007856329,0.2021083
0.3006413,0.044555735,0.654803
0.95763123,0.0010523205,0.041316457
0.54889363,0.026431125,0.4246753
0.38886547,0.01657437,0.5945602
0.375587,0.064496405,0.5599166
0.040971838,0.050955776,0.9080725
0.8161495,0.0058034356,0.17804715
0.6134859,0.018221855,0.3682923
0.7860172,0.0060102986,0.20797247
0.64006245,0.017794188,0.34214336
0.81555027,0.008691444,0.1757583
0.53034955,0.0063680676,0.4632823
0.8760265,0.0049051857,0.11906831
0.33533683,0.029545108,0.63511807
0.5490848,0.05708504,0.39383018
0.82045746,0.0068028755,0.1727397
0.693626,0.019765148,0.28660882
0.8950833,0.01619436,0.08872229
0.5315026,0.026672406,0.44182494
0.9942676,0.0009970359,0.004735317
0.29393095,0.031164642,0.6749044
0.9127252,0.0033795512,0.08389523
0.9034391,0.0022693933,0.094291456
0.4999988,0.017549809,0.48245135
0.8078458,0.06927326,0.12288104
0.7786267,0.008402983,0.21297033
0.5990516,0.00887907,0.39206937
0.4844545,0.007089837,0.50845563
0.60566545,0.0133383,0.38099623
0.66762775,0.008437674,0.32393456
0.8019285,0.0039886925,0.1940827
0.78855956,0.011462055,0.1999784
0.7984066,0.007323705,0.1942697
0.88346446,0.014206056,0.10232948
0.8888305,0.002254926,0.10891449
0.6940847,0.0050315494,0.30088368
0.3466244,0.027397558,0.62597805
0.50097936,0.022104118,0.4769165
0.3432065,0.0048906165,0.65190285
0.60303557,0.0031087885,0.3938557
0.3520682,0.06606465,0.58186716
0.890013,0.008734996,0.10125205
0.8882008,0.016476754,0.09532239
0.98165417,0.0076195886,0.010726207
0.54294586,0.0112198675,0.4458343
0.68263805,0.007923453,0.3094385
0.74353844,0.0076127904,0.2488487
0.973318,0.005347174,0.021334823
0.55546683,0.0060159625,0.43851724
0.6075091,0.017915,0.37457588
0.27658343,0.01880336,0.70461315
0.4091698,0.02787329,0.56295687
0.41815075,0.019956902,0.5618923
0.77050775,0.008019998,0.22147225
0.8429012,0.0035613023,0.15353762
0.7034261,0.012062243,0.28451163
0.83001107,0.0051436513,0.16484533
0.8302279,0.0049664206,0.16480562
0.98836434,0.0021903398,0.009445353
0.64052165,0.0046869246,0.35479155
0.7260341,0.014116567,0.25984934
0.81998265,0.004109227,0.17590816
0.6810225,0.01488277,0.3040947
0.42172924,0.0041641346,0.57410663
0.9593828,0.0017038143,0.038913425
0.58330834,0.0045293947,0.41216224
0.9311912,0.010424083,0.058384705
0.014437391,0.80799395,0.17756869
0.022782965,0.31608698,0.6611301
0.018616894,0.23982859,0.74155456
0.003275716,0.9451073,0.051616967
0.0016049065,0.992636,0.0057591056
0.010432187,0.8884241,0.1011437
0.024460718,0.67574656,0.2997927
0.0556965,0.6234343,0.32086924
0.016128564,0.4063316,0.57753986
0.015808089,0.91111404,0.073077776
0.026072156,0.590842,0.38308588
0.014701008,0.65674317,0.32855585
0.046779174,0.38395432,0.56926656
0.028138116,0.78098255,0.19087932
0.01613987,0.45889488,0.5249652
0.010628384,0.5926852,0.39668635
0.0029955606,0.84859365,0.14841074
0.0074199075,0.80464643,0.1879337
0.03350325,0.25526625,0.7112305
0.0039247693,0.7679545,0.22812068
0.025730023,0.3905172,0.58375275
0.0013786647,0.9437444,0.05487701
0.021778185,0.59489506,0.38332674
0.00225035,0.93468946,0.06306018
0.0034866992,0.8931302,0.103383236
0.017222019,0.52303433,0.45974362
0.02149641,0.72860205,0.24990162
0.06265786,0.60990155,0.3274405
0.0019843045,0.8512924,0.1467233
0.043304168,0.49620426,0.4604916
0.010334665,0.8056371,0.18402816
0.03999008,0.3618097,0.59820026
0.016868271,0.5538166,0.42931512
0.05200056,0.5267686,0.42123082
0.019569864,0.64101094,0.33941913
0.003997858,0.77738935,0.21861276
0.023515362,0.49889708,0.4775876
0.013363916,0.61355066,0.3730854
0.020100078,0.67911756,0.3007823
0.008968462,0.6223851,0.3686465
0.104399785,0.17083743,0.7247628
0.003236288,0.84792495,0.1488388
0.033188578,0.10579444,0.861017
0.04432364,0.5100783,0.4455981
0.06685586,0.19060294,0.7425412
0.024441672,0.5780706,0.39748773
0.008399093,0.7870903,0.20451058
0.0123963235,0.5971137,0.39049
0.0015064105,0.97415745,0.024336135
0.050795894,0.20459898,0.7446051
0.18227172,0.099192895,0.7185354
0.012681657,0.57348794,0.41383034
0.024538804,0.4639683,0.51149297
0.009026503,0.38378334,0.6071901
0.004762839,0.9211018,0.07413526
0.0040532527,0.9290499,0.06689684
0.0018500352,0.9185355,0.07961442
0.0031580376,0.9464022,0.050439797
0.01508507,0.5038715,0.4810435
0.009635824,0.75055224,0.23981187
0.020626558,0.73403525,0.2453381
0.014752408,0.7206087,0.26463887
0.065777525,0.20385441,0.73036814
0.008248306,0.607174,0.38457772
0.006372563,0.48351774,0.5101098
0.039957635,0.24811131,0.71193105
0.030149302,0.3320081,0.63784254
0.04297194,0.67027664,0.2867514
0.07728339,0.44750148,0.47521514
0.012987053,0.8728035,0.1142094
0.012261242,0.48791432,0.49982446
0.023328878,0.52480495,0.4518662
0.004479327,0.7744209,0.22109972
0.002727928,0.907237,0.09003513
0.030551314,0.29447865,0.67497003
0.007966749,0.5557459,0.43628725
0.0073904935,0.59995025,0.39265922
0.02218983,0.6046571,0.37315303
0.0050790007,0.9720034,0.022917576
0.03560528,0.20132266,0.763072
0.0047844374,0.97465694,0.020558637
0.06801048,0.15939483,0.77259475
0.008547968,0.63859063,0.3528615
0.016524471,0.81097025,0.1725053
0.037208296,0.68400955,0.27878216
0.018813394,0.7056448,0.2755418
0.012985983,0.61901605,0.36799797
0.0060511185,0.7112419,0.282707
0.0029347194,0.963863,0.03320224
0.006652966,0.5323536,0.4609934
0.08066885,0.75453955,0.16479155
0.027749691,0.5569713,0.415279
0.093422905,0.41849223,0.4880849
0.013110518,0.38441747,0.60247207
0.0069809468,0.58366084,0.40935826
0.005770652,0.60198855,0.39224085
0.018559806,0.6505711,0.33086914
0.015676975,0.6886693,0.29565364
0.060018025,0.32009232,0.6198897
0.0064089117,0.86752856,0.12606257
0.009907338,0.6170223,0.37307036
0.024229353,0.1091862,0.8665844
0.009867137,0.35578346,0.6343494
0.005083784,0.9484911,0.0464251
0.0049498626,0.84581083,0.1492393
0.0075712786,0.88378334,0.10864538
0.013925389,0.9774944,0.008580247
0.010759581,0.963221,0.02601944
0.004441007,0.9527952,0.04276377
0.009043093,0.49118924,0.49976772
0.009620676,0.8342275,0.1561518
0.0033321187,0.71388435,0.2827835
0.020644816,0.8180718,0.16128342
0.01879852,0.35173038,0.62947106
0.022589894,0.40766802,0.5697421
0.012550375,0.46348238,0.5239672
0.031549323,0.5869686,0.38148206
0.01308351,0.48591664,0.50099975
0.0063284426,0.8504164,0.14325513
0.018577939,0.6524158,0.32900622
0.012097169,0.66643184,0.321471
0.015829585,0.83440524,0.14976515
0.043548647,0.44274855,0.5137028
0.014414574,0.7805856,0.20499983
0.008212842,0.8099974,0.18178977
0.0008229191,0.944455,0.054722015
0.021180635,0.43073767,0.54808164
0.028151153,0.26854172,0.70330715
0.020261139,0.77830607,0.2014328
0.010124825,0.8772348,0.11264039
0.0048808246,0.674218,0.32090124
0.01830008,0.7970325,0.18466741
0.0056790956,0.49870256,0.4956184
0.0149409035,0.72475326,0.26030585
0.001998805,0.7993863,0.19861495
0.01657161,0.73172516,0.25170326
0.023290813,0.51993483,0.45677432
0.035021104,0.36335796,0.60162085
0.0331222,0.3638733,0.6030045
0.09762256,0.6314461,0.27093124
0.00012787142,0.9953928,0.004479353
0.038781207,0.87606215,0.08515665
0.0029521731,0.94598466,0.051063064
0.005355881,0.8419582,0.15268588
0.03516586,0.7171881,0.24764602
0.013131858,0.54951936,0.43734878
0.021748215,0.9170723,0.061179515
0.008693853,0.6494701,0.34183595
0.0024767464,0.98217,0.015353199
0.024053056,0.46059108,0.5153559
0.00123557,0.9434734,0.05529103
0.003903135,0.5578842,0.43821266
0.0013091292,0.93202895,0.06666191
0.010406849,0.8678344,0.12175872
0.0038005116,0.7511559,0.24504352
0.00491141,0.8548967,0.14019191
0.0031236946,0.703717,0.29315928
0.0073741823,0.7547127,0.23791312
0.00625187,0.9580375,0.03571054
0.013683227,0.7117391,0.27457765
0.21609952,0.10782964,0.6760709
0.011600086,0.78936684,0.19903311
0.0078032236,0.88553166,0.10666502
0.03386326,0.9183992,0.047737557
0.010036045,0.7450602,0.24490385
0.0035667885,0.7109915,0.28544173
0.06086198,0.5802359,0.35890213
0.0047473805,0.6259823,0.36927044
0.008136311,0.93303555,0.058828123
0.032193474,0.1812069,0.7865997
0.025822688,0.91390383,0.060273517
0.047305677,0.64479667,0.30789766
0.054075174,0.39342332,0.5525015
0.024508419,0.83994675,0.13554482
0.004699491,0.6591499,0.33615062
0.02773338,0.15576753,0.8164991
0.044671983,0.19906202,0.75626606
0.015204765,0.7471424,0.23765284
0.015673092,0.36445472,0.6198722
0.008532258,0.731257,0.26021072
0.04280704,0.35645735,0.6007356
0.0029349977,0.9647453,0.03231968
0.011150865,0.8791411,0.109708
0.019689228,0.80924934,0.17106143
0.010762996,0.7682033,0.22103366
0.008732849,0.43528336,0.5559838
0.0065243924,0.96539617,0.028079469
0.019745594,0.63180476,0.34844965
0.0077195615,0.7535415,0.2387389
0.008224546,0.5734769,0.4182985
0.018469717,0.75233585,0.22919442
0.006462267,0.95249164,0.041046165
0.019263132,0.65481126,0.3259255
0.0054294495,0.82522833,0.1693422
0.006575896,0.7019589,0.2914652
0.007830841,0.8889285,0.103240676
0.094589554,0.28689227,0.6185182
0.032771837,0.46567318,0.50155497
0.010007742,0.31462643,0.6753658
0.028123775,0.33108565,0.64079064
0.019494174,0.29799175,0.682514
0.013396007,0.68974483,0.2968591
0.010482556,0.7173847,0.27213272
0.042399697,0.42066246,0.53693783
0.00251677,0.98785955,0.009623616
0.1375505,0.8186407,0.043808807
0.0051233256,0.93328726,0.061589364
0.015231282,0.31252435,0.67224437
0.0034641586,0.92988646,0.06664939
0.017327603,0.6209483,0.36172402
0.022332504,0.22385237,0.7538152
0.030200902,0.85803586,0.11176323
0.0019568088,0.8865729,0.11147028
0.06006107,0.42429617,0.51564276
0.007940765,0.6631044,0.32895476
0.026214903,0.7014908,0.27229428
0.0059760953,0.7882153,0.20580864
0.0017482823,0.8330783,0.16517346
0.06989627,0.23478606,0.6953176
0.017276535,0.6692386,0.31348482
0.0050145923,0.46274942,0.532236
0.0034247383,0.74260765,0.25396764
0.03803853,0.17931448,0.782647
0.0017183699,0.9306991,0.06758249
0.012947096,0.544255,0.44279784
0.014174871,0.74866575,0.23715933
0.08735624,0.02059179,0.892052
0.0061653247,0.9825026,0.011332031
0.0023422488,0.89211106,0.10554676
0.007780283,0.4885687,0.5036511
0.0079940995,0.6349852,0.3570207
0.011009432,0.4792153,0.50977534
0.027556453,0.5446502,0.42779323
0.024670493,0.3934511,0.5818784
0.005333149,0.4607051,0.5339618
0.046598345,0.3150113,0.63839036
0.014886305,0.2927833,0.69233036
0.00600787,0.8093669,0.18462522
0.019129181,0.71534204,0.26552877
0.0043030493,0.9260563,0.0696406
0.013904166,0.40898174,0.57711416
0.04355383,0.4921203,0.46432588
0.2879718,0.123241276,0.58878696
0.0260238,0.6286898,0.34528643
0.023312885,0.52259064,0.45409647
0.030683938,0.8256474,0.14366868
0.010931264,0.87193334,0.117135465
0.0064621763,0.5981452,0.39539266
0.017364603,0.66429895,0.31833643
0.0034984055,0.5443985,0.45210308
0.02898008,0.32094508,0.6500749
0.01752851,0.15273313,0.8297383
0.006551364,0.5828377,0.41061094
0.06349366,0.44835097,0.48815536
0.0058431914,0.9530406,0.041116294
0.022120602,0.53910494,0.4387745
0.01337615,0.7739094,0.2127144
0.02999643,0.5775444,0.39245927
0.0048502465,0.87747175,0.11767802
0.00071248657,0.9456867,0.053600814
0.0013078174,0.89819473,0.10049751
0.0034922694,0.5574615,0.43904626
0.0024555987,0.84798145,0.14956294
0.03159205,0.45479313,0.5136148
0.011177259,0.8935627,0.09526009
0.008400906,0.90409464,0.08750451
0.008138117,0.51123196,0.48062995
0.009372864,0.55593795,0.4346892
0.0129665695,0.71770954,0.2693238
0.0063856663,0.76437503,0.22923926
0.026742022,0.7779624,0.19529554
0.06166634,0.43067724,0.5076564
0.012082743,0.45342714,0.53449017
0.043186,0.5062007,0.45061326
0.008375103,0.29406133,0.6975636
0.0050787516,0.7073928,0.28752846
0.2045862,0.13576666,0.65964717
0.023276936,0.5616453,0.41507772
0.14749332,0.61639315,0.2361135
0.0050560473,0.94762117,0.047322668
0.008571269,0.76634383,0.22508492
0.008292987,0.8489577,0.1427493
0.008572627,0.74140465,0.25002277
0.0474554,0.21302159,0.73952305
0.009392068,0.82172936,0.16887857
0.022957142,0.80157423,0.1754687
0.0013778763,0.9726052,0.026016941
0.015487243,0.38997376,0.59453905
0.004604517,0.8933975,0.101998016
0.0042224135,0.803489,0.19228852
0.00022475357,0.9977405,0.0020346965
0.0042018187,0.40225956,0.5935387
0.07575466,0.144646,0.7795993
0.030699335,0.41632178,0.5529788
0.011048207,0.5603306,0.42862114
0.08120014,0.8200423,0.09875763
0.011222508,0.3422984,0.64647907
0.006847573,0.8705244,0.12262804
0.014979857,0.52298766,0.46203244
0.0057354695,0.736108,0.2581565
0.029721025,0.5091463,0.46113268
0.017438993,0.6781065,0.3044545
0.01831242,0.59249693,0.38919064
0.0835473,0.2080176,0.70843506
0.017120987,0.6976435,0.28523546
0.011924118,0.71452147,0.27355435
0.021178497,0.67039984,0.30842164
0.01106062,0.602229,0.38671044
0.009039219,0.66786486,0.3230959
0.017471895,0.5385625,0.44396564
0.022474358,0.18695201,0.79057366
0.004317587,0.4657467,0.5299357
0.019742057,0.37149101,0.6087669
0.011942038,0.7436775,0.2443804
0.030823061,0.4400142,0.5291627
0.016613565,0.81697375,0.16641268
0.0058156443,0.5645434,0.42964092
0.015908498,0.3716398,0.61245173
0.02136948,0.7928504,0.1857802
0.01444356,0.3666745,0.61888194
0.05519362,0.80799925,0.13680719
0.0074418485,0.9494114,0.043146748
0.012663371,0.84175146,0.14558516
0.009933177,0.6724628,0.317604
0.01902353,0.68286175,0.29811475
0.07373498,0.47424066,0.4520243
0.00482568,0.4988236,0.4963507
0.02014922,0.38377112,0.5960796
0.0022860228,0.8499991,0.14771484
0.01880804,0.2531097,0.7280823
0.008406934,0.44787726,0.5437158
0.008258183,0.4679094,0.5238324
0.033061355,0.34051862,0.6264201
0.013937259,0.8636779,0.12238483
0.034704458,0.28330216,0.68199337
0.006678929,0.7258962,0.26742488
0.0047616344,0.4039603,0.591278
0.002217772,0.96432376,0.033458464
0.020686883,0.6522361,0.327077
0.0101754945,0.8597894,0.13003518
0.025418052,0.31857735,0.65600455
0.0013716948,0.98444194,0.01418645
0.0026824358,0.9389469,0.058370635
0.13892211,0.2648941,0.5961838
0.04080582,0.8135416,0.14565258
0.01497406,0.51098907,0.4740369
0.015524315,0.7778455,0.20663017
0.003285059,0.8107704,0.18594456
0.0059230244,0.44135213,0.55272484
0.02338555,0.51720804,0.45940638
0.13082741,0.119511746,0.74966085
0.026333613,0.5717592,0.40190706
0.054263823,0.3681276,0.5776086
0.010123886,0.6313439,0.3585322
0.004260002,0.8953681,0.10037188
0.04105401,0.37880772,0.5801382
0.01869506,0.2513873,0.72991765
0.12283508,0.18371303,0.6934519
0.013141267,0.5013341,0.48552468
0.013791627,0.58367,0.4025383
0.006251127,0.927953,0.06579577
0.008031541,0.63093,0.36103854
0.0053205946,0.62018836,0.374491
0.01701837,0.43384686,0.5491348
0.008132867,0.41789788,0.57396924
0.037517272,0.5549772,0.40750557
0.020414514,0.7456554,0.23393005
0.008450193,0.5008929,0.4906569
0.007285928,0.53647983,0.4562342
0.009556642,0.47120067,0.5192427
0.0036882982,0.8282424,0.16806926
0.007932332,0.64149344,0.35057428
0.0117353555,0.6360664,0.35219827
0.12966545,0.31320596,0.5571286
0.060244363,0.65914935,0.28060627
0.03737181,0.4076487,0.5549794
0.008096517,0.79622096,0.19568256
0.032740556,0.7883673,0.17889221
0.0074361553,0.93252593,0.060037933
0.02703836,0.59163725,0.38132435
0.050435178,0.16328984,0.786275
0.004691077,0.9771311,0.018177798
0.01804979,0.6468807,0.3350695
0.030975765,0.7412655,0.22775878
0.013136726,0.8687141,0.118149176
0.012069549,0.7295685,0.25836203
0.016110118,0.5225581,0.4613318
0.013442791,0.56624705,0.42031017
0.021150539,0.7450303,0.23381916
0.038205817,0.28717545,0.67461866
0.110271715,0.36910635,0.5206219
0.008811122,0.68205976,0.30912918
0.014437302,0.6298622,0.35570055
0.011705126,0.64640707,0.34188783
0.0051748003,0.6588128,0.33601236
0.05646247,0.1822206,0.76131696
0.03452351,0.5512718,0.41420466
0.030098751,0.41682208,0.5530791
0.0039489316,0.8939745,0.102076516
0.0046289475,0.81300515,0.18236592
0.00031846337,0.8953252,0.10435628
0.028315531,0.22649479,0.7451897
0.005843536,0.7548358,0.23932071
0.0033442732,0.69360346,0.30305237
0.013129241,0.8379799,0.14889087
0.0033108979,0.98760265,0.009086472
0.0103978,0.7619453,0.2276569
0.01087128,0.7806512,0.20847744
0.0052599334,0.887357,0.107383005
0.006609996,0.74213153,0.25125846
0.007938004,0.7706758,0.22138621
0.021591369,0.43457106,0.54383755
0.0050461353,0.880214,0.11473991
0.06391789,0.18030652,0.7557756
0.12653923,0.14347972,0.72998106
0.012307919,0.80362374,0.18406832
0.01825628,0.94601697,0.03572666
0.004694492,0.9017553,0.093550235
0.031207304,0.5614517,0.40734103
0.0113499435,0.61333334,0.37531674
0.0014405381,0.94795626,0.050603174
0.004289715,0.8804451,0.11526522
0.032499097,0.5186406,0.44886032
0.010776959,0.57256436,0.4166587
0.014675943,0.57786065,0.40746343
0.0022769992,0.9045866,0.093136355
0.019118804,0.6748679,0.3060132
0.00079428044,0.9946314,0.004574283
0.006410517,0.96718776,0.026401725
0.008249619,0.61781025,0.37394008
0.0535947,0.20903933,0.7373659
0.0069951755,0.6051497,0.38785517
0.01882611,0.8595323,0.12164162
0.017389627,0.5723258,0.4102845
0.010138054,0.44769713,0.54216486
0.028272515,0.87670374,0.095023856
0.012058442,0.5966744,0.39126718
0.012752802,0.5850436,0.40220365
0.025593966,0.61908644,0.35531962
0.01729653,0.37620744,0.60649604
0.010942949,0.6770977,0.31195936
0.013370357,0.8307555,0.1558742
0.024595762,0.6835255,0.29187873
0.0019322162,0.6034144,0.39465338
0.005794145,0.9603389,0.03386697
0.01695856,0.72474915,0.25829232
0.0026029632,0.9691421,0.028254969
0.27055445,0.6732727,0.056172825
0.010942664,0.22756137,0.761496
0.13029578,0.13240248,0.73730177
0.0028042095,0.98390895,0.013286837
0.017451648,0.70171046,0.28083792
0.011532097,0.616884,0.37158385
0.009046262,0.9117892,0.07916458
0.08189858,0.3956611,0.5224404
0.005023397,0.68151736,0.3134592
0.004962325,0.94172156,0.05331607
0.02035165,0.73151284,0.24813555
0.014541885,0.74589485,0.23956332
0.0050905133,0.52967453,0.465235
0.01533261,0.44088814,0.5437792
0.009325466,0.7607552,0.2299193
0.035449103,0.21059257,0.7539583
0.011673243,0.62409705,0.36422968
0.015816621,0.7435043,0.2406791
0.022266194,0.6020201,0.3757137
0.011818216,0.52933353,0.4588482
0.08037397,0.42170084,0.49792516
0.07555665,0.47692743,0.44751593
0.016038395,0.5678759,0.41608566
0.014578375,0.6051852,0.38023648
0.015226802,0.64217895,0.34259415
0.00230023,0.79606944,0.20163032
0.013095592,0.70461506,0.28228936
0.01950031,0.70911974,0.27137992
0.003385673,0.9403334,0.056280967
0.008497806,0.6846982,0.30680406
0.012645767,0.8226608,0.16469343
0.039188404,0.8313062,0.12950544
0.0037056566,0.7083403,0.28795394
0.00246785,0.8265987,0.17093343
0.02045989,0.8201632,0.15937689
0.012300879,0.34385285,0.64384633
0.00344841,0.9365155,0.06003619
0.008946533,0.8722697,0.11878375
0.0011635454,0.93587667,0.06295979
0.012167709,0.7452172,0.24261512
0.005076517,0.70452774,0.2903957
0.024032788,0.38310856,0.5928586
0.027767178,0.6438626,0.32837012
0.06376665,0.32866296,0.60757035
0.024818832,0.22927344,0.7459077
0.00575213,0.95661294,0.03763492
0.02506153,0.8780628,0.096875764
0.03310732,0.7832084,0.18368433
0.1506672,0.2576769,0.59165597
0.008724684,0.79572296,0.19555233
0.040943466,0.18534926,0.7737073
0.003291902,0.8835645,0.11314371
0.013201572,0.2683897,0.7184087
0.003476409,0.93907464,0.05744903
0.011181014,0.38416645,0.6046525
0.0016819239,0.884196,0.11412211
0.0036927506,0.91240185,0.08390537
0.051396277,0.51128495,0.43731883
0.019328993,0.54067415,0.4399969
0.0011707009,0.24039051,0.75843877
0.0045046513,0.86867654,0.12681878
0.003074383,0.91401494,0.082910635
0.007463725,0.8100584,0.18247785
0.034541827,0.49320474,0.47225347
0.0063760914,0.7947996,0.19882424
0.0049461625,0.67393374,0.32112005
0.0138183385,0.9309286,0.05525309
0.011993166,0.6353648,0.352642
0.0017666741,0.93580943,0.062423926
0.08483503,0.466299,0.44886598
0.031686097,0.86406845,0.104245484
0.013890724,0.84531903,0.14079018
0.0053729513,0.79846793,0.1961591
0.034344193,0.58669233,0.37896347
0.01746468,0.6946285,0.2879069
0.012056107,0.776358,0.21158592
0.01338016,0.8304306,0.15618919
0.031939656,0.29796124,0.6700991
0.020326767,0.40697235,0.57270086
0.0013375167,0.99099934,0.00766316
0.045694463,0.569656,0.38464952
0.04176197,0.41924918,0.5389888
0.045010388,0.6142064,0.34078324
0.02741744,0.8727,0.0998826
0.010807394,0.57846,0.41073257
0.019643258,0.6087871,0.37156963
0.13708961,0.28070268,0.58220774
0.00484581,0.502244,0.49291024
0.018010128,0.79150444,0.19048537
0.0066097598,0.96611726,0.027272984
0.002745677,0.9310297,0.06622459
0.02367461,0.6284043,0.34792104
0.06469089,0.29096445,0.6443446
0.007412704,0.58820707,0.40438023
0.019638717,0.6539918,0.32636946
0.016213655,0.6288802,0.35490614
0.03015201,0.669443,0.300405
0.011205501,0.60854083,0.38025373
0.0033969053,0.9604489,0.036154184
0.004430584,0.57426643,0.42130303
0.0063953884,0.7152902,0.2783144
0.21303453,0.42170516,0.36526024
0.025289588,0.48784035,0.48687005
0.006486689,0.7821666,0.21134663
0.022181703,0.14059913,0.8372192
0.014525425,0.7198589,0.2656156
0.012862777,0.6707537,0.31638348
0.022769,0.39828765,0.5789433
0.04237831,0.48257372,0.47504795
0.0070900694,0.90778166,0.08512828
0.004622122,0.6837059,0.311672
0.019383762,0.4179032,0.562713
0.0036802115,0.6361013,0.3602185
0.00852566,0.60426766,0.3872066
0.004268343,0.95985174,0.035879936
0.0018408312,0.6252219,0.3729373
0.0038582415,0.81876135,0.17738035
0.007270463,0.743618,0.24911153
0.0013165335,0.9673986,0.031284954
0.009070934,0.9274102,0.06351892
0.024014197,0.3571402,0.6188456
0.011697586,0.9359586,0.052343674
0.027667463,0.33221567,0.6401169
0.001534265,0.69524235,0.30322337
0.01363104,0.95192635,0.034442615
0.020150945,0.5000441,0.47980496
0.0077880435,0.37861955,0.6135924
0.0032295554,0.9871876,0.009582825
0.04319414,0.22176854,0.73503727
0.02928031,0.33871153,0.63200814
0.007274551,0.31007352,0.68265194
0.048270505,0.19823189,0.75349766
0.01056244,0.33722138,0.65221614
0.061805338,0.34475097,0.5934437
0.0056131925,0.9159904,0.078396425
0.0043098885,0.7960663,0.19962382
0.0075711943,0.5760128,0.41641596
0.0090691885,0.82590866,0.16502218
0.035846006,0.833972,0.13018203
0.05336768,0.15759203,0.7890403
0.011393805,0.9643408,0.024265451
0.011477656,0.7461385,0.24238381
0.001170762,0.9557683,0.043060947
0.0037508835,0.5247214,0.47152776
0.01887413,0.22744551,0.75368035
0.05274689,0.29811576,0.64913744
0.0035672951,0.8956871,0.10074558
0.0030090509,0.9772593,0.019731646
0.04886229,0.41318804,0.5379497
0.021103779,0.47652742,0.50236875
0.026668314,0.8086338,0.16469783
0.0041574035,0.7574138,0.23842879
0.02280108,0.6941312,0.28306776
0.0057761003,0.63027686,0.36394703
0.008682504,0.7187736,0.27254397
0.012989879,0.59641033,0.39059976
0.0040695774,0.82616854,0.16976185
0.0068754125,0.42309397,0.5700306
0.012255015,0.39410514,0.5936399
0.0312144,0.09754875,0.87123686
0.025828868,0.26129046,0.7128807
0.0441809,0.27407843,0.68174064
0.006154314,0.96419626,0.029649442
0.03788196,0.5340604,0.4280576
0.019063104,0.6576302,0.32330674
0.056498695,0.6456529,0.29784843
0.1379297,0.043888196,0.8181822
0.07497486,0.35289305,0.57213205
0.031528726,0.8622874,0.10618385
0.17866167,0.10026865,0.72106975
0.05040556,0.34018916,0.6094053
0.0021028654,0.946522,0.05137508
0.02755667,0.8101456,0.16229774
0.0071575562,0.638181,0.35466152
0.108528264,0.38794217,0.50352955
0.014894404,0.75063956,0.23446605
0.045701668,0.60880375,0.3454946
0.006864464,0.7690201,0.2241154
0.0055195056,0.7351022,0.25937828
0.0092307655,0.5484563,0.44231293
0.0029610272,0.91895235,0.07808659
0.008868933,0.7044337,0.28669742
0.03127538,0.8086656,0.1600591
0.003051108,0.8795991,0.11734977
0.0060927733,0.69690204,0.29700515
0.022567118,0.654594,0.32283884
0.012014325,0.80482984,0.18315582
0.002070773,0.914442,0.083487235
0.010688709,0.68621075,0.3031005
0.016360998,0.8026238,0.18101515
0.012410995,0.70031005,0.28727898
0.009617467,0.73851866,0.2518639
0.008802453,0.83879375,0.15240376
0.0009036015,0.9622647,0.03683171
0.0062223715,0.82899433,0.16478327
0.003971154,0.7758728,0.22015606
0.06752553,0.24308847,0.689386
0.004730004,0.7909562,0.20431376
0.06215398,0.118458435,0.81938756
0.0244324,0.13868724,0.8368804
0.025166024,0.2720811,0.7027529
0.03610414,0.885303,0.07859291
0.011397004,0.654473,0.33412996
0.009438968,0.7561047,0.23445635
0.0024837935,0.87829757,0.119218566
0.008922485,0.8772727,0.113804765
0.0034792495,0.56772363,0.42879716
0.017256705,0.53593993,0.44680342
0.022743845,0.45668638,0.52056974
0.007244406,0.54611284,0.4466428
0.016132442,0.65070766,0.33315992
0.009547035,0.8874967,0.102956325
0.0057564746,0.7686269,0.22561659
0.008281945,0.9338771,0.057840917
0.049578976,0.25035715,0.7000639
0.024479564,0.5619133,0.4136071
0.009441799,0.70183694,0.2887212
0.01705629,0.49814066,0.48480302
0.0050313747,0.44412205,0.5508466
0.013953868,0.65766877,0.32837737
0.020678893,0.6373965,0.3419246
0.005758821,0.81391,0.18033116
0.008557179,0.34227854,0.64916426
0.002432217,0.5894288,0.40813896
0.008074286,0.7930922,0.19883357
0.023960544,0.7763764,0.19966313
0.0073580546,0.8634559,0.12918602
0.00511556,0.88258606,0.112298384
0.02307513,0.5321107,0.44481423
0.005897592,0.5241729,0.4699296
0.008985272,0.71504897,0.27596572
0.0073992265,0.7993014,0.19329943
0.014016403,0.9624206,0.02356304
0.045655955,0.7137083,0.24063575
0.020212695,0.6816215,0.2981659
0.0033745656,0.98102313,0.015602413
0.003219835,0.8386208,0.1581593
0.02076856,0.4577541,0.5214773
0.029749114,0.6376584,0.33259258
0.0035231605,0.76993173,0.22654504
0.020994784,0.8918403,0.08716487
0.05430229,0.6778854,0.2678123
0.0037100476,0.74576384,0.25052616
0.006259425,0.6986161,0.29512447
0.0019246736,0.9867415,0.011333867
0.0020287558,0.9891616,0.008809622
0.020946123,0.2669329,0.71212095
0.0010070975,0.95753545,0.04145746
0.033418052,0.22294295,0.743639
0.021322783,0.22155583,0.7571214
0.0006614436,0.9934262,0.0059123924
0.020055039,0.7693391,0.21060589
0.032984056,0.51270515,0.45431072
0.44104457,0.20623156,0.3527239
0.028004814,0.40150252,0.5704927
0.0334934,0.43071112,0.5357955
0.017902743,0.31983587,0.66226137
0.2049509,0.362035,0.43301407
0.0028509973,0.6765119,0.3206371
0.048426528,0.44622236,0.5053511
0.009168853,0.8874156,0.10341555
0.05731278,0.46664518,0.47604197
0.019715818,0.76700735,0.2132769
0.025175134,0.50593656,0.46888828
0.039087266,0.14163741,0.8192754
0.014886612,0.4816143,0.5034991
0.0153691145,0.73181796,0.25281292
0.00397994,0.89599574,0.1000243
0.0013204942,0.9639182,0.034761287
0.008834983,0.6553395,0.3358256
0.008489333,0.7363811,0.25512946
0.031735726,0.801043,0.16722123
0.02213355,0.4049418,0.5729247
0.0013310766,0.85467905,0.1439899
0.026557581,0.5713357,0.40210676
0.043954894,0.7378953,0.21814978
0.0332614,0.537671,0.42906758
0.0008139654,0.9695063,0.029679703
0.050508145,0.48410058,0.46539128
0.006974046,0.8745671,0.11845885
0.022819208,0.4741301,0.5030506
0.012154125,0.9267523,0.061093565
0.038920745,0.553025,0.40805423
0.012439631,0.73099744,0.2565629
0.026809063,0.34553367,0.6276573
0.104694694,0.15675215,0.73855317
0.002591496,0.9696148,0.027793681
0.042820156,0.5202219,0.43695793
0.1304925,0.115263686,0.75424385
0.009602147,0.6898543,0.3005435
0.013622822,0.95885193,0.027525222
0.0038643328,0.87145984,0.124675795
0.002653707,0.98905236,0.0082939705
0.08218032,0.6328321,0.28498763
0.0084000705,0.853696,0.1379039
0.027260749,0.43702644,0.53571284
0.004177267,0.83150816,0.16431452
0.01802269,0.7574558,0.22452155
0.008300736,0.919125,0.07257413
0.03497135,0.63853014,0.3264985
0.10179196,0.2527966,0.6454115
0.006527636,0.873366,0.12010644
0.011943244,0.5219154,0.4661414
0.019509126,0.29757112,0.68291974
0.012231485,0.86084986,0.12691861
0.008806208,0.8102562,0.18093762
0.01357324,0.56015724,0.4262695
0.013409647,0.6605368,0.3260535
0.05238993,0.27982512,0.667785
0.002832204,0.95240986,0.04475793
0.07099976,0.47969797,0.44930223
0.0034882103,0.9857405,0.010771299
0.023981959,0.85338175,0.12263625
0.52280015,0.03745953,0.43974027
0.010359862,0.4608128,0.5288273
0.0035568527,0.5354302,0.46101305
0.004125469,0.90527445,0.09060014
0.022245774,0.24550277,0.7322514
0.011693021,0.44518355,0.5431234
0.0017159812,0.32457834,0.6737057
0.0037400674,0.74251205,0.25374785
0.003549927,0.9369775,0.05947254
0.013176756,0.77847886,0.20834433
0.015458375,0.562312,0.42222956
0.026295397,0.6190334,0.35467112
0.0007503199,0.95175666,0.047493007
0.012382717,0.82854944,0.15906785
0.014313721,0.6628341,0.3228521
0.013507818,0.5200948,0.46639732
0.005292739,0.55903214,0.43567508
0.010430439,0.3755881,0.6139815
0.0062558386,0.3830317,0.6107124
0.010694092,0.86089605,0.12840988
0.011618721,0.81347483,0.17490648
0.084795915,0.3398504,0.5753537
0.024001675,0.74254656,0.23345175
0.018062148,0.7351159,0.24682198
0.020656798,0.44104955,0.53829366
0.05271124,0.3523325,0.59495634
0.02422904,0.6872117,0.28855932
0.00650016,0.92624056,0.06725935
0.001994396,0.96662825,0.031377334
0.010246789,0.47862685,0.5111263
0.0048063016,0.8537051,0.1414886
0.032041125,0.60687006,0.36108878
0.0118801,0.3550836,0.63303626
0.0058194394,0.5299181,0.46426246
0.0136873955,0.9327684,0.05354421
0.029744036,0.38488188,0.58537406
0.0010319588,0.88397473,0.11499336
0.0046902876,0.73583215,0.2594776
0.019565068,0.69279325,0.28764167
0.0035621135,0.6236597,0.37277824
0.010643327,0.5877711,0.40158555
0.016416559,0.35657966,0.6270037
0.010844513,0.8929025,0.09625295
0.008140275,0.64009786,0.35176182
0.007271406,0.80117166,0.19155686
0.05239079,0.59747744,0.35013172
0.005922716,0.90176,0.0923173
0.0010903187,0.84986657,0.14904314
0.01979697,0.36948168,0.61072135
0.03489999,0.32887182,0.6362282
0.0331409,0.3996458,0.5672133
0.0060081547,0.47812536,0.5158664
0.014436247,0.6952234,0.2903403
0.007502605,0.55135083,0.44114664
0.006687145,0.88829964,0.10501312
0.015269818,0.7703778,0.2143524
0.008510113,0.9518358,0.039654076
0.0013756164,0.7196513,0.27897307
0.04077193,0.5913191,0.367909
0.016747825,0.8774712,0.10578092
0.002536695,0.43713745,0.56032586
0.12551372,0.08358694,0.7908994
0.006093729,0.8887894,0.10511679
0.038646225,0.41372356,0.54763025
0.02147363,0.64020395,0.3383224
0.093294345,0.22581683,0.68088883
0.0069306213,0.58195895,0.4111104
0.012220618,0.33962902,0.6481503
0.010764299,0.8955548,0.093680896
0.027111597,0.68782294,0.28506544
0.029115813,0.6315154,0.33936885
0.0117380535,0.5266449,0.46161708
0.017653788,0.1643559,0.81799024
0.0062252316,0.76919466,0.22458008
0.0067929425,0.9123564,0.08085073
0.0038943866,0.94208086,0.05402478
0.0042627295,0.7221562,0.27358103
0.004689795,0.92875487,0.06655523
0.013733209,0.72684747,0.25941926
0.0072891046,0.9696074,0.02310347
0.018206686,0.3786541,0.60313916
0.010379067,0.6329856,0.35663533
0.00068084867,0.9912717,0.008047365
0.020487906,0.16566122,0.8138508
0.0124710975,0.9310455,0.056483474
0.07151201,0.636771,0.291717
0.003107389,0.80249834,0.1943943
0.04430206,0.56636137,0.3893365
0.0037564111,0.97953165,0.016711911
0.03215359,0.31525996,0.6525864
0.0061781597,0.76246274,0.23135911
0.042667534,0.54735595,0.40997657
0.006850895,0.64778405,0.345365
0.009793764,0.6474601,0.34274608
0.0016403665,0.8083455,0.19001411
0.008419823,0.9757814,0.015798796
0.03401137,0.52974665,0.43624198
0.022902256,0.3953485,0.58174926
0.012216622,0.43130752,0.5564758
0.0024619286,0.9025954,0.094942614
0.008401021,0.5409455,0.45065352
0.043707665,0.13375963,0.8225327
0.0022612594,0.7942012,0.20353758
0.012585524,0.6639862,0.32342824
0.030856773,0.5261955,0.44294766
0.0016133932,0.99141484,0.0069717662
0.017479835,0.5809313,0.40158883
0.018696787,0.60824054,0.37306264
0.0020089713,0.9313651,0.066625975
0.010553745,0.63283837,0.35660794
0.008656302,0.9115922,0.07975146
0.038510703,0.45091853,0.51057076
0.005500919,0.90285516,0.09164387
0.0035612595,0.68931955,0.3071192
0.03139947,0.3206494,0.6479511
0.0046832236,0.90906006,0.08625674
0.022609673,0.28817347,0.68921685
0.009219582,0.4040563,0.5867241
0.10041748,0.33797565,0.5616069
0.01503013,0.3797895,0.60518044
0.22906983,0.37989277,0.3910375
0.016361369,0.679708,0.30393067
0.015011893,0.28110722,0.70388085
0.020634009,0.67347103,0.30589488
0.016654117,0.5870166,0.39632934
0.011870359,0.56875414,0.41937557
0.018062422,0.9251733,0.056764282
0.007772983,0.71802425,0.27420273
0.03727662,0.31797585,0.6447475
0.004782877,0.7409413,0.25427583
0.018055743,0.66517854,0.31676576
0.0050979475,0.80767286,0.18722917
0.0071224733,0.6417551,0.3511225
0.007773721,0.46768197,0.52454436
0.0068846396,0.43914714,0.55396825
0.026478123,0.8079506,0.16557123
0.02404141,0.6876189,0.28833976
0.0057018925,0.68448913,0.30980903
0.014835253,0.6762095,0.30895528
0.0071932394,0.6528183,0.33998844
0.021791758,0.44816124,0.53004694
0.017674519,0.7246038,0.25772172
0.0071625207,0.87880707,0.114030495
0.007462721,0.97304857,0.019488724
0.004018137,0.9663158,0.029666001
0.008102668,0.7297992,0.26209813
0.018339865,0.42545593,0.5562042
0.01934959,0.60142326,0.3792272
0.008685894,0.34063476,0.65067935
0.02050762,0.6215515,0.35794082
0.05094427,0.301068,0.6479877
0.0042001544,0.7705922,0.22520767
0.004826473,0.8551123,0.14006126
0.002053444,0.9811024,0.01684423
0.034959994,0.72037363,0.24466643
0.014035096,0.4835805,0.5023844
0.0010775488,0.99455607,0.0043663727
0.00048796867,0.97547454,0.024037475
0.0028863796,0.87660956,0.120504074
0.15448253,0.3122088,0.5333086
0.005269354,0.73014927,0.2645814
0.010912977,0.86761415,0.12147287
0.0016387808,0.846353,0.15200822
0.117227405,0.40046537,0.48230714
0.0055276398,0.88852555,0.10594678
0.0009958784,0.92387056,0.07513361
0.013129801,0.30430833,0.68256193
0.00074846775,0.93831056,0.06094102
0.0012752409,0.8641213,0.13460344
0.030214578,0.78627247,0.18351296
0.008321248,0.7144836,0.27719507
0.006622869,0.8282366,0.1651406
0.017192272,0.3777283,0.6050794
0.011848068,0.7238484,0.2643036
0.013658606,0.7056132,0.28072816
0.03795294,0.796221,0.16582605
0.008619535,0.761551,0.22982937
0.03235409,0.2872521,0.6803938
0.0011238973,0.55919814,0.43967792
0.0016396871,0.9257667,0.07259358
0.08109867,0.59821373,0.3206876
0.015801804,0.8859602,0.09823806
0.008609645,0.31645557,0.6749348
0.030578919,0.225562,0.74385905
0.017338084,0.8646394,0.118022464
0.0022331818,0.9746095,0.02315734
0.0076313983,0.41023368,0.5821349
0.016158704,0.78411937,0.19972189
0.004898797,0.5651935,0.4299077
0.0062783076,0.960981,0.03274064
0.0028794396,0.98778385,0.009336803
0.0051963115,0.70191234,0.2928913
0.02803516,0.7282955,0.24366936
0.003857317,0.797586,0.19855668
0.021964233,0.33268523,0.6453505
0.013408849,0.8388852,0.1477059
0.026624287,0.5827512,0.39062446
0.008565212,0.7713725,0.22006233
0.002947563,0.89328873,0.1037637
0.0025047879,0.69792765,0.29956758
0.021203924,0.29728132,0.68151474
0.011220103,0.85930276,0.12947711
0.018687706,0.74141353,0.23989877
0.06074363,0.6589287,0.28032756
0.018147666,0.6181491,0.36370325
0.0030777135,0.9532481,0.043674186
0.008016419,0.6120078,0.37997574
0.00442228,0.87127215,0.12430553
0.026667481,0.54722375,0.42610884
0.020837914,0.79490274,0.1842594
0.078667805,0.6772626,0.24406959
0.009838679,0.7908459,0.1993155
0.0021519293,0.86565715,0.132191
0.023261018,0.6820796,0.29465935
0.022740602,0.18249314,0.7947662
0.004412498,0.54843146,0.44715604
0.02021168,0.6796843,0.30010408
0.0447014,0.76233226,0.19296636
0.0025627315,0.9917779,0.0056593423
0.0023250561,0.9546909,0.04298408
0.14331743,0.2306008,0.62608176
0.025325267,0.42584306,0.5488317
0.0077907247,0.9290583,0.06315088
0.0028658642,0.8723792,0.12475488
0.019547869,0.6754761,0.30497614
0.011829094,0.4609314,0.52723956
0.060254816,0.43066344,0.5090817
0.0072895116,0.8234965,0.16921398
0.0029855845,0.78937876,0.2076357
0.040848266,0.2650125,0.6941393
0.0050883098,0.87447083,0.12044092
0.017626576,0.7185058,0.26386753
0.008176162,0.4118608,0.5799631
0.0058619385,0.5841918,0.40994623
0.0039652153,0.9604813,0.035553575
0.016393213,0.41914716,0.5644596
0.007582981,0.7855586,0.20685838
0.027211813,0.5541449,0.41864327
0.0035385198,0.9578683,0.03859324
0.005938282,0.8694141,0.12464767
0.008674032,0.90985346,0.08147256
0.07289739,0.078476764,0.84862584
0.0014500255,0.7076899,0.29086
0.056758545,0.6528403,0.29040113
0.011475709,0.75451386,0.23401038
0.030622998,0.4043044,0.5650727
0.012318912,0.44473785,0.54294324
0.056554344,0.39200863,0.551437
0.024795644,0.75635284,0.21885158
0.008520647,0.22798583,0.76349354
0.008413741,0.95584667,0.035739534
0.021350166,0.55149186,0.42715797
0.01727906,0.6960245,0.28669646
0.007981163,0.6091966,0.38282225
0.011866594,0.94832855,0.039804872
0.02703908,0.4836684,0.48929256
0.004161352,0.7495529,0.24628569
0.0056792125,0.9336795,0.060641244
0.0010457422,0.978646,0.020308191
0.0073214257,0.741433,0.25124553
0.0040518567,0.9399245,0.05602362
0.015879562,0.3916899,0.59243053
0.006064842,0.74194497,0.2519901
0.0063816817,0.66954726,0.324071
0.019226355,0.81838506,0.16238856
0.016094333,0.53101856,0.45288715
0.008437115,0.79343235,0.1981305
0.0015273512,0.9532828,0.045189925
0.069242194,0.44423068,0.48652706
0.011384262,0.9354362,0.05317967
0.00924786,0.59107506,0.39967713
0.0074174064,0.9345459,0.058036678
0.04433118,0.663581,0.2920878
0.003075855,0.9384448,0.058479235
0.029886795,0.6039418,0.36617145
0.004832628,0.87119853,0.12396883
0.029727051,0.4019919,0.56828105
0.0018121727,0.9204324,0.077755384
0.007970403,0.7924874,0.19954221
0.030429283,0.325297,0.64427364
0.005935122,0.70646393,0.2876009
0.045036063,0.8985738,0.056390125
0.015450981,0.499286,0.48526308
0.024165493,0.5453405,0.430494
0.008937069,0.7623136,0.22874929
0.01895733,0.64253724,0.3385054
0.010942125,0.7132546,0.27580324
0.0049983254,0.4833452,0.51165646
0.022996735,0.4193647,0.5576385
0.05598516,0.7052521,0.23876275
0.015323779,0.92847437,0.05620188
0.0053427652,0.765889,0.22876829
0.06636352,0.7157344,0.21790208
0.0010950016,0.9907334,0.008171699
0.012499284,0.79536146,0.1921393
0.009365254,0.82962376,0.161011
0.002302472,0.606496,0.39120156
0.018678276,0.79240966,0.18891206
0.05213112,0.6274696,0.32039928
0.008267758,0.79130363,0.20042863
0.007014772,0.6647863,0.3281989
0.011937193,0.94385546,0.044207312
0.008531237,0.9309059,0.060562827
0.006004548,0.56957376,0.42442167
0.004920289,0.858613,0.13646673
0.012310817,0.79628086,0.1914083
0.027015125,0.6057975,0.3671874
0.0036279897,0.89535713,0.101014875
0.017620988,0.5221559,0.46022308
0.017938763,0.41739154,0.56466967
0.0142016485,0.3755023,0.61029613
0.0016206617,0.8339505,0.16442889
0.02766094,0.59329647,0.3790426
0.11345971,0.35160306,0.53493726
0.023242317,0.66084975,0.31590796
0.000807804,0.95747316,0.041719038
0.004455214,0.70809245,0.28745228
0.013973015,0.63956183,0.34646514
0.011735131,0.6845512,0.3037137
0.011321688,0.72665507,0.26202324
0.005704143,0.9528059,0.04148994
0.021753892,0.27995405,0.698292
0.03197662,0.5639036,0.40411973
0.1021741,0.37665054,0.5211753
0.0067185406,0.92158544,0.07169594
0.019632941,0.41363907,0.566728
0.007881893,0.7635686,0.2285495
0.028985308,0.8500328,0.12098182
0.0007651785,0.9120002,0.087234676
0.12062112,0.1849781,0.6944007
0.0013736422,0.99216264,0.006463681
0.29879704,0.06362222,0.6375807
0.0039851726,0.7594113,0.23660356
0.010047324,0.78938735,0.2005653
0.0076746186,0.65944296,0.33288237
0.0044861087,0.85650456,0.13900936
0.002039997,0.8315963,0.16636369
0.018927533,0.69042236,0.2906501
0.012084191,0.7038006,0.2841152
0.015190921,0.88741136,0.09739775
0.030938527,0.39055955,0.5785019
0.027782563,0.38226852,0.5899489
0.010492336,0.80658025,0.18292738
0.012172312,0.4496316,0.5381961
0.002814932,0.70069104,0.29649407
0.0025517538,0.9511381,0.046310194
0.0028259314,0.8532448,0.14392929
0.057524923,0.20926677,0.7332083
0.013818801,0.738295,0.24788615
0.00717636,0.78205186,0.21077172
0.017592775,0.58858943,0.39381787
0.020134874,0.54678345,0.43308166
0.04872421,0.27949694,0.6717788
0.02261113,0.39431763,0.5830712
0.003122472,0.7014867,0.2953908
0.0063926536,0.94119376,0.052413605
0.00565754,0.971085,0.023257514
0.006082225,0.3990879,0.59482986
0.017299917,0.5487703,0.43392974
0.009139863,0.8288117,0.16204837
0.012946304,0.79249364,0.19455996
0.005156048,0.56508565,0.4297583
0.0041668057,0.60620886,0.38962424
0.0021634726,0.66966856,0.32816792
0.014794243,0.20969604,0.7755097
0.02156842,0.8895264,0.0889051
0.005029204,0.60257167,0.39239916
0.055735864,0.3290371,0.615227
0.010975984,0.3649361,0.6240879
0.013228584,0.84140825,0.1453632
0.021408971,0.51506567,0.46352538
0.005527718,0.6000253,0.39444694
0.035758946,0.55542725,0.4088138
0.103841804,0.1383979,0.7577603
0.002957433,0.6221641,0.37487853
0.016122071,0.29442984,0.6894481
0.04291136,0.21279107,0.74429756
0.0051389174,0.5691715,0.4256896
0.010295238,0.40165022,0.5880546
0.0156079605,0.7562193,0.22817275
0.010053355,0.8578078,0.13213888
0.0072756903,0.8001292,0.19259511
0.02189636,0.43150553,0.54659814
0.005626436,0.32537454,0.6689991
0.01762682,0.41718745,0.56518567
0.0055200728,0.82117885,0.17330107
0.007880739,0.9001602,0.09195907
0.025852859,0.49302804,0.481119
0.003446695,0.64957845,0.34697488
0.006849714,0.85130674,0.14184351
0.032081727,0.5170037,0.4509145
0.0035124724,0.98620933,0.010278188
7.8244215e-05,0.93093026,0.068991505
0.011012818,0.4650933,0.5238939
0.009901952,0.50782156,0.48227647
0.03266204,0.35959384,0.60774416
0.013393761,0.5194556,0.46715057
0.009936032,0.48500854,0.5050554
0.035448387,0.93821895,0.026332606
0.0061504142,0.47257158,0.52127796
0.01693643,0.8093804,0.17368321
0.0032798634,0.827533,0.16918707
0.0060000364,0.71443397,0.27956602
0.10697602,0.5857271,0.30729693
0.007820199,0.88750637,0.10467341
0.0024487593,0.96407115,0.033480056
0.030491572,0.50385547,0.465653
0.008045396,0.3881733,0.6037812
0.009192221,0.88649446,0.104313314
0.01581154,0.83425087,0.14993761
0.014892478,0.8125564,0.17255105
0.053874493,0.48602855,0.460097
0.027039392,0.9219815,0.05097909
0.0031158284,0.6823577,0.31452635
0.08296606,0.705113,0.2119209
0.006855986,0.72398806,0.26915595
0.0247759,0.8824243,0.09279974
0.032799643,0.59221816,0.37498224
0.007885537,0.755804,0.23631045
0.0020378993,0.95483595,0.043126155
0.0144740725,0.7650051,0.22052081
0.011854086,0.628972,0.35917395
0.0073901205,0.38862845,0.6039815
0.017980326,0.43222558,0.5497941
0.064277366,0.11514256,0.82058007
0.01094695,0.6797103,0.30934277
0.0040121907,0.9445898,0.05139808
0.074854486,0.057265144,0.8678804
0.0038023395,0.53235006,0.46384764
0.008430546,0.7235532,0.26801622
0.10105091,0.08380631,0.81514275
0.0036508336,0.41253206,0.58381706
0.0750763,0.6800489,0.2448748
0.053935897,0.4994036,0.4466605
0.056790337,0.4517709,0.49143875
0.015062501,0.3683104,0.6166271
0.0001910365,0.98947513,0.0103338035
0.013113428,0.46532866,0.521558
0.043332435,0.22028105,0.7363866
0.011719185,0.71479756,0.2734833
0.0042797416,0.97226614,0.023454132
0.005836989,0.7912931,0.20286992
0.0058037126,0.9545332,0.03966308
0.0053845756,0.864803,0.12981252
0.020490946,0.57347304,0.40603596
0.007820227,0.38426816,0.6079116
0.013156255,0.6006054,0.38623834
0.018032309,0.4526465,0.5293212
0.0028328544,0.95192426,0.045242827
0.0030321523,0.87803787,0.11892989
0.013331025,0.63520783,0.35146108
0.005493536,0.615295,0.37921146
0.09051846,0.33166742,0.57781416
0.0011288176,0.87380093,0.12507018
0.016391957,0.754149,0.22945902
0.0077292994,0.8165944,0.17567624
0.016071022,0.49527755,0.48865145
0.022988072,0.34537575,0.63163626
0.019783417,0.6490724,0.33114415
0.0075715296,0.90463454,0.08779401
0.006670078,0.7952734,0.19805643
0.02300333,0.56781495,0.40918174
0.0073543945,0.9160184,0.07662724
0.044721037,0.1344362,0.82084274
0.004434943,0.8420263,0.1535387
0.013547251,0.7127251,0.2737276
0.016291287,0.6263189,0.3573898
0.10000496,0.33810937,0.56188565
0.0020568848,0.93871796,0.05922509
0.0071990727,0.889494,0.103306875
0.015938096,0.83698297,0.14707887
0.040149275,0.35522962,0.60462105
0.002303396,0.98087686,0.016819788
0.005700072,0.7523249,0.24197507
0.04847057,0.15602556,0.7955039
0.009943255,0.7088263,0.2812304
0.0051275357,0.65700495,0.33786744
0.0076865987,0.67194617,0.32036725
0.020342348,0.68879026,0.2908674
0.021280395,0.8648473,0.11387227
0.008873021,0.43581608,0.55531085
0.0117930975,0.63834774,0.34985912
0.13745077,0.14117979,0.7213695
0.005614708,0.5296165,0.46476874
0.0143474825,0.6102663,0.37538618
0.0058157872,0.82274896,0.17143524
0.013254415,0.4451176,0.541628
0.03366499,0.23258258,0.73375237
0.015793374,0.6518674,0.3323393
0.0056457957,0.77251756,0.22183663
0.022955261,0.38467482,0.5923699
0.008831597,0.75305307,0.23811537
0.020063175,0.48580432,0.49413252
0.015803069,0.6695766,0.3146204
0.019235078,0.38053742,0.60022753
0.038871683,0.27967343,0.68145496
0.00669959,0.7524489,0.24085148
0.010576201,0.6291287,0.36029512
0.0027402765,0.9955552,0.0017044266
0.0047947867,0.75097704,0.24422815
0.008409724,0.790674,0.20091635
0.008763546,0.774887,0.21634935
0.010914433,0.68639153,0.30269396
0.0101891775,0.74846023,0.2413507
0.077273905,0.58687794,0.3358481
0.0016790398,0.9646123,0.03370867
0.015385934,0.43770707,0.546907
0.005730479,0.92591107,0.068358496
0.02170098,0.3333317,0.6449674
0.30981344,0.4140056,0.27618098
0.003963769,0.9803305,0.015705643
0.002838447,0.9675099,0.029651618
0.0022560877,0.9245867,0.07315722
0.014199334,0.33782104,0.6479796
0.007779293,0.45121005,0.5410106
0.018460887,0.91172844,0.06981079
0.008635863,0.85145533,0.13990875
0.008195179,0.75683844,0.2349664
0.007364362,0.6711611,0.32147446
0.026087508,0.67456204,0.29935044
0.0060064145,0.51907057,0.47492304
0.017261079,0.7612119,0.22152711
0.0017565544,0.98973453,0.008508838
0.015395994,0.55087006,0.43373394
0.005324174,0.572892,0.42178375
0.027586015,0.57126,0.40115395
0.009693187,0.7328387,0.2574682
0.033799488,0.73186314,0.23433739
0.0023346967,0.71078384,0.2868815
0.027904259,0.74429935,0.22779636
0.08946863,0.19934976,0.71118164
0.011604269,0.739792,0.24860379
0.032156315,0.74722975,0.22061393
0.050119545,0.36482874,0.5850518
0.012750671,0.96647924,0.020770026
0.003483166,0.7651085,0.23140828
0.012241442,0.49196193,0.49579662
0.05421522,0.3688936,0.5768912
0.0073591615,0.68863535,0.30400544
0.12355221,0.5623171,0.31413063
0.012475236,0.9473171,0.04020756
0.021204092,0.35146654,0.62732935
0.0062965555,0.97206986,0.021633541
0.0077980245,0.76058424,0.23161776
0.01353323,0.67044747,0.31601927
0.012711886,0.7607315,0.22655657
0.07171069,0.25625405,0.6720352
0.00034155473,0.938767,0.06089143
0.006803176,0.28395277,0.709244
0.015488717,0.7657661,0.21874517
0.009311925,0.84327286,0.14741515
