0.5438473,0.014659716,0.4414929
0.68086267,0.016509766,0.30262753
0.9581095,0.0070991004,0.0347914
0.9375732,0.016431946,0.045994826
0.6036579,0.022716394,0.3736256
0.48524678,0.021332996,0.49342018
0.3732046,0.016196255,0.61059916
0.20097597,0.013461453,0.7855626
0.525631,0.036945682,0.43742335
0.6285638,0.054421596,0.3170146
0.39530262,0.04167934,0.563018
0.3004936,0.01685242,0.682654
0.34803358,0.007856665,0.6441098
0.31638563,0.014919425,0.6686949
0.68211496,0.019806607,0.29807848
0.77994984,0.02276954,0.19728054
0.5947948,0.015514078,0.38969108
0.9770173,0.0053815464,0.017601084
0.7460336,0.013938825,0.24002759
0.63256484,0.03043381,0.33700135
0.33948836,0.24189569,0.41861594
0.61077476,0.018234912,0.37099034
0.8128205,0.012552698,0.17462684
0.46069977,0.02572632,0.5135739
0.49551937,0.030058838,0.47442177
0.56759197,0.028711963,0.40369603
0.95695126,0.008502425,0.034546368
0.6371736,0.027469844,0.33535662
0.31709707,0.011026598,0.67187643
0.76490295,0.0068067433,0.22829024
0.86454517,0.007893424,0.12756148
0.84760094,0.00806335,0.14433573
0.8231089,0.039541095,0.13735004
0.7282662,0.018074015,0.2536599
0.79806155,0.0128043955,0.18913399
0.40944514,0.025793755,0.5647611
0.3698009,0.007925115,0.622274
0.9149258,0.014448169,0.07062603
0.4820774,0.018549265,0.49937338
0.682966,0.015757624,0.30127633
0.564867,0.025599847,0.4095331
0.5365914,0.036031313,0.42737725
0.71481055,0.009352237,0.27583715
0.7261673,0.03440603,0.23942658
0.500369,0.031060034,0.468571
0.8933496,0.0147229945,0.09192739
0.8276411,0.01452653,0.15783231
0.4697541,0.010757127,0.51948875
0.75968105,0.006358084,0.23396079
0.6378569,0.015237653,0.34690544
0.44871598,0.105064034,0.44621995
0.5656882,0.022450658,0.4118611
0.7727872,0.02391676,0.20329598
0.46507022,0.021004237,0.5139256
0.59509796,0.021793574,0.38310847
0.25912923,0.024076939,0.71679384
0.47675836,0.053580675,0.46966103
0.4018617,0.0112608485,0.58687747
0.64122033,0.04891217,0.30986744
0.517436,0.019271715,0.46329224
0.390937,0.080383815,0.52867913
0.96932364,0.008440871,0.022235464
0.4679251,0.016504198,0.5155707
0.29003486,0.048128925,0.6618362
0.9261963,0.0050874427,0.06871633
0.49932435,0.017964711,0.4827109
0.823475,0.01508368,0.16144133
0.7894698,0.016681537,0.19384868
0.44148275,0.02404556,0.5344717
0.7682731,0.013032801,0.21869412
0.49911276,0.020756226,0.48013106
0.70246506,0.017108668,0.2804263
0.42369428,0.016260473,0.56004524
0.42871788,0.04214646,0.52913564
0.5854933,0.018649971,0.39585674
0.43890285,0.026020436,0.5350767
0.93079114,0.0073808734,0.06182802
0.44858187,0.03206218,0.51935595
0.51842755,0.068587966,0.4129845
0.45598182,0.014469746,0.5295484
0.9570526,0.0035858678,0.039361607
0.8188906,0.007029124,0.17408028
0.340875,0.024322467,0.6348026
0.98605263,0.0054003894,0.008546959
0.54306525,0.011972688,0.44496217
0.7607358,0.020626178,0.21863797
0.5464161,0.02251811,0.4310659
0.83719987,0.015266912,0.14753316
0.6402259,0.023178745,0.33659536
0.7661226,0.017674185,0.21620323
0.97222465,0.0030443477,0.024731038
0.40245757,0.030452183,0.5670902
0.7672612,0.014246518,0.2184923
0.4089344,0.017002383,0.5740631
0.44318953,0.018405749,0.5384047
0.6500464,0.019750433,0.3302032
0.70014334,0.019585956,0.2802706
0.79684687,0.015465742,0.18768738
0.5371788,0.06301466,0.39980647
0.5223079,0.02693897,0.45075312
0.48700288,0.022926869,0.49007025
0.24009492,0.022073694,0.7378315
0.39896366,0.029201837,0.5718345
0.5769503,0.026241837,0.39680788
0.57336855,0.010031981,0.4165994
0.7162423,0.02051633,0.2632413
0.66863143,0.025081595,0.30628693
0.4865973,0.01030039,0.5031023
0.99074477,0.0025807854,0.0066745165
0.30457467,0.015857257,0.67956805
0.47890982,0.019196676,0.50189346
0.62542444,0.02529066,0.3492849
0.8181847,0.012835823,0.1689795
0.5130502,0.049771886,0.437178
0.5747114,0.016212871,0.40907574
0.89050454,0.020245563,0.08924991
0.55333734,0.024704061,0.4219586
0.42446625,0.015465607,0.5600682
0.6350201,0.021152735,0.34382725
0.39646035,0.023192793,0.5803468
0.46400103,0.01614814,0.5198508
0.5445113,0.025032414,0.43045628
0.33033213,0.019603757,0.6500641
0.73497206,0.037996646,0.22703128
0.33147496,0.01571226,0.6528128
0.6795193,0.028971206,0.29150948
0.7659005,0.0071708905,0.22692864
0.74927884,0.0367539,0.21396734
0.6099719,0.036396895,0.35363132
0.8026165,0.017789073,0.17959441
0.91821086,0.02718271,0.05460644
0.6140457,0.027942259,0.35801208
0.723185,0.026233546,0.2505815
0.38450226,0.1011832,0.51431453
0.9040631,0.011530108,0.084406845
0.7542716,0.022743408,0.22298497
0.7817078,0.02170409,0.19658813
0.97959155,0.0043124827,0.016096031
0.56307393,0.034250386,0.4026757
0.44226742,0.014898323,0.5428342
0.7327061,0.015880713,0.2514132
0.88580334,0.02461006,0.08958655
0.40157604,0.044663746,0.5537602
0.35660753,0.035612743,0.60777974
0.4136289,0.038962107,0.547409
0.58621716,0.015252181,0.3985307
0.7605996,0.01908296,0.22031742
0.5040913,0.03251868,0.46339002
0.4388815,0.026548296,0.5345703
0.17189002,0.023253253,0.8048567
0.7073815,0.017293494,0.27532497
0.86269546,0.015033476,0.1222711
0.8145729,0.019388141,0.16603905
0.8859019,0.010596393,0.10350168
0.65309846,0.012760821,0.33414075
0.625538,0.026793184,0.34766877
0.53335,0.031438682,0.4352113
0.33227608,0.014981239,0.6527427
0.5853465,0.017037828,0.39761567
0.8519977,0.011220641,0.13678175
0.28671,0.018079333,0.6952107
0.87094015,0.022544157,0.10651569
0.8993751,0.011499475,0.08912546
0.6809955,0.019975983,0.2990285
0.76625806,0.029237134,0.20450485
0.5298753,0.032729886,0.4373949
0.7309107,0.016670968,0.25241837
0.38789287,0.02998899,0.58211815
0.4766515,0.011860003,0.5114885
0.85521543,0.011093822,0.13369073
0.42980203,0.015557779,0.5546402
0.5215047,0.0138866855,0.46460858
0.39204076,0.033276882,0.5746823
0.45027363,0.031216666,0.5185097
0.6519752,0.020950554,0.32707426
0.80705684,0.010524369,0.1824188
0.35776392,0.038568813,0.6036672
0.68240976,0.025858037,0.2917322
0.842787,0.019535348,0.13767768
0.7188944,0.015416244,0.26568937
0.85169756,0.014328759,0.1339736
0.9090388,0.017013855,0.07394733
0.57737553,0.032365367,0.39025915
0.21901333,0.02495328,0.7560334
0.5674688,0.033111844,0.39941937
0.43411654,0.02494487,0.54093856
0.8574096,0.024415648,0.1181747
0.45598546,0.0066052033,0.53740937
0.3348724,0.018918673,0.64620894
0.8373464,0.011759691,0.15089385
0.8464635,0.011391253,0.14214535
0.64199173,0.014999365,0.34300885
0.6711045,0.014050793,0.31484473
0.7760335,0.021144727,0.20282173
0.6631175,0.022262126,0.31462032
0.7137703,0.021008926,0.2652208
0.5826284,0.026822006,0.39054963
0.28078708,0.030673943,0.68853897
0.6867917,0.0137783345,0.29942995
0.74323004,0.034076165,0.22269379
0.84133404,0.025633764,0.13303219
0.29073095,0.03172096,0.67754805
0.625548,0.007895004,0.366557
0.6145702,0.023655882,0.36177397
0.929688,0.015596872,0.054715153
0.29308814,0.018939793,0.687972
0.91823745,0.020115348,0.061647218
0.88529223,0.00991225,0.104795516
0.64148074,0.023197038,0.33532217
0.59430397,0.01990701,0.38578892
0.41870075,0.041711923,0.5395873
0.44536206,0.017099608,0.5375384
0.79077464,0.011039087,0.19818619
0.2631258,0.028108172,0.70876604
0.7462915,0.017922144,0.23578629
0.13437743,0.04125975,0.8243628
0.7817269,0.022476822,0.19579633
0.37075067,0.01745582,0.6117935
0.8176561,0.031355985,0.15098786
0.91609955,0.0132802995,0.07062017
0.769927,0.016958663,0.21311438
0.827138,0.019610645,0.15325129
0.55508226,0.029773707,0.41514406
0.8634995,0.0039878357,0.13251261
0.588766,0.0060200575,0.40521404
0.61261624,0.03852369,0.34886006
0.6422095,0.0167804,0.3410102
0.46579546,0.022630442,0.51157403
0.7579545,0.018993713,0.22305183
0.5551744,0.043742713,0.4010828
0.98910284,0.0042274343,0.006669679
0.72442925,0.018380301,0.25719047
0.6308275,0.0037883285,0.36538416
0.8994583,0.015764747,0.084776916
0.8430573,0.015223268,0.1417194
0.3873135,0.021809975,0.5908765
0.8270472,0.023573225,0.14937961
0.78543454,0.00843844,0.20612709
0.5597996,0.013873289,0.42632714
0.660873,0.054457936,0.2846691
0.7590006,0.023881612,0.21711782
0.36713806,0.03411629,0.5987456
0.49857077,0.028285433,0.47314376
0.90403056,0.020179864,0.07578959
0.48891592,0.0127363335,0.49834776
0.55454075,0.050259896,0.3951994
0.5154982,0.03519431,0.44930744
0.60835797,0.017602166,0.3740399
0.7267087,0.03445544,0.23883589
0.8953037,0.020543654,0.084152654
0.8718175,0.02934807,0.098834515
0.47257295,0.018220278,0.50920683
0.7610876,0.13690892,0.102003455
0.4828053,0.014007982,0.50318676
0.26784435,0.035712086,0.6964436
0.72141576,0.022046737,0.25653756
0.7733308,0.027082259,0.19958693
0.29664478,0.039434697,0.6639205
0.849165,0.01767925,0.13315576
0.5841826,0.007855097,0.40796223
0.25306076,0.0020447648,0.74489444
0.7233513,0.038960353,0.23768836
0.7819073,0.010940485,0.2071522
0.6259792,0.048296303,0.32572457
0.6277226,0.013483567,0.35879377
0.38995975,0.025281586,0.5847587
0.5093915,0.02775679,0.46285167
0.8825213,0.015502023,0.101976715
0.8849142,0.011870881,0.10321484
0.50346637,0.025298605,0.47123504
0.085409455,0.124592915,0.78999764
0.41391483,0.043859325,0.54222584
0.7153221,0.01701637,0.26766154
0.87811005,0.018371508,0.10351851
0.9633036,0.011697343,0.024999082
0.23095205,0.3517777,0.41727018
0.85153145,0.018880049,0.12958857
0.30493098,0.043117613,0.65195143
0.45239207,0.01213737,0.5354705
0.3283302,0.017400326,0.65426946
0.82610506,0.027706344,0.1461885
0.7329184,0.017499274,0.24958232
0.259716,0.02537283,0.7149112
0.68269104,0.004992445,0.31231648
0.45719004,0.018594079,0.52421594
0.14984544,0.13929775,0.7108568
0.53751385,0.017389605,0.44509652
0.27721712,0.01199979,0.71078306
0.9802501,0.003257735,0.01649219
0.4641888,0.02554455,0.51026666
0.55604565,0.019356286,0.42459798
0.4145968,0.025263283,0.56013995
0.2902427,0.056679655,0.6530777
0.6317633,0.047054846,0.32118186
0.6640141,0.013021207,0.32296473
0.8953567,0.02275216,0.081891105
0.9377005,0.014830706,0.047468677
0.97228044,0.008595184,0.019124396
0.55495495,0.04808346,0.39696154
0.6937573,0.025587613,0.28065515
0.8425196,0.016932908,0.14054742
0.36460325,0.022664007,0.61273277
0.64235234,0.020447552,0.33720005
0.37585023,0.011022087,0.61312765
0.7546739,0.021299059,0.22402696
0.74469715,0.01554318,0.23975974
0.5994769,0.018258115,0.38226506
0.66732246,0.036987863,0.29568958
0.9286714,0.009720065,0.061608553
0.88522553,0.02342647,0.09134798
0.85447234,0.009786185,0.1357414
0.40437058,0.02223526,0.5733942
0.66937953,0.028993098,0.30162737
0.51223874,0.022173138,0.46558818
0.23990254,0.03767167,0.72242576
0.72885704,0.029535387,0.24160756
0.27753872,0.015119914,0.7073414
0.8848519,0.013510186,0.101637885
0.48136687,0.026103187,0.49252993
0.7113852,0.02578418,0.26283067
0.6043651,0.09903891,0.29659596
0.38682538,0.04583641,0.56733817
0.82501346,0.010135391,0.16485114
0.71551585,0.007783204,0.27670097
0.58324635,0.014260807,0.4024928
0.84401613,0.0071430705,0.14884083
0.9918967,0.0042037936,0.0038996004
0.72539294,0.022087015,0.25252008
0.53074056,0.014711216,0.45454818
0.82624805,0.02115463,0.15259726
0.6661444,0.02593369,0.30792195
0.9522256,0.008280945,0.039493345
0.8584685,0.018544191,0.12298735
0.103310645,0.45744523,0.4392441
0.36359584,0.0262227,0.6101815
0.81267154,0.018957902,0.16837057
0.57024604,0.024077224,0.4056767
0.7727884,0.011248771,0.21596289
0.5446182,0.03341297,0.42196882
0.7409582,0.02158205,0.23745972
0.88605,0.020452287,0.09349779
0.63572705,0.017339068,0.34693387
0.68202746,0.075250454,0.24272212
0.92115533,0.011221064,0.067623615
0.8387645,0.022608262,0.1386272
0.7601212,0.017138377,0.22274047
0.8901444,0.019818801,0.09003673
0.24206524,0.01994415,0.7379906
0.55754817,0.015893713,0.42655814
0.39166093,0.020438394,0.58790064
0.29813343,0.026349938,0.6755166
0.5873793,0.025284132,0.38733655
0.7629368,0.029403215,0.20766003
0.8985339,0.013016598,0.08844963
0.7853886,0.014148249,0.2004632
0.45698223,0.010700636,0.5323172
0.16240723,0.037318744,0.8002741
0.6078964,0.024244564,0.36785904
0.9333014,0.018174402,0.048524246
0.23785323,0.024370473,0.7377763
0.7860846,0.016072648,0.19784284
0.939016,0.0077971234,0.053186905
0.6692491,0.014418606,0.31633225
0.63567823,0.024027038,0.3402948
0.7118914,0.017008407,0.27110025
0.8478471,0.014316032,0.13783687
0.79775673,0.01443922,0.18780407
0.5990453,0.023905547,0.3770493
0.3119906,0.021530408,0.666479
0.7399652,0.016771615,0.24326317
0.47000527,0.021911323,0.50808346
0.43597528,0.023964556,0.54006016
0.77426684,0.015369936,0.21036327
0.40079945,0.048103884,0.55109674
0.45693997,0.013185876,0.5298742
0.38480964,0.021383382,0.593807
0.83324546,0.017776614,0.14897788
0.4021699,0.012557983,0.58527213
0.49025276,0.031070575,0.47867665
0.7529886,0.03193434,0.21507709
0.64143604,0.012339125,0.34622487
0.67217463,0.008873373,0.31895196
0.29310593,0.055360604,0.6515335
0.79437524,0.02238607,0.1832387
0.6958588,0.018484214,0.28565705
0.8536192,0.013113165,0.13326772
0.5459351,0.018736713,0.4353282
0.32212132,0.019014312,0.6588644
0.67514217,0.031881604,0.29297632
0.6941998,0.018070385,0.28772977
0.4933282,0.021307185,0.48536468
0.6923381,0.019015163,0.28864682
0.6066391,0.025018346,0.36834252
0.94752806,0.015382876,0.03708905
0.35925737,0.014877084,0.6258656
0.64436215,0.008134435,0.34750345
0.67340744,0.0242335,0.30235904
0.40478507,0.02722255,0.5679924
0.8056496,0.021305086,0.17304538
0.29316705,0.09407004,0.6127629
0.42286593,0.03804224,0.5390918
0.52258795,0.021657791,0.45575425
0.67533463,0.019979604,0.30468574
0.36640963,0.021943687,0.6116467
0.6638971,0.019935565,0.31616732
0.30676106,0.038532004,0.65470695
0.8737456,0.017924923,0.10832941
0.54430044,0.023656813,0.4320428
0.48969075,0.030434817,0.47987446
0.61679643,0.02244649,0.360757
0.6745942,0.016637318,0.30876845
0.5516861,0.024431698,0.42388213
0.15820561,0.01967467,0.8221197
0.5735622,0.013660798,0.41277704
0.75387293,0.013983727,0.23214337
0.3292506,0.01373548,0.65701395
0.9539039,0.0079892585,0.038106844
0.6326927,0.04716051,0.32014674
0.89160335,0.011931022,0.09646575
0.5409433,0.011955857,0.44710082
0.2915357,0.018243376,0.69022095
0.5152461,0.016218932,0.46853504
0.24799256,0.059446562,0.6925609
0.4347438,0.026856605,0.53839964
0.5091761,0.019235507,0.47158846
0.22995499,0.034214403,0.7358306
0.5403255,0.018734735,0.4409397
0.6058542,0.039990537,0.35415524
0.96515167,0.013423145,0.021425258
0.77485615,0.01689885,0.20824505
0.48926866,0.015020986,0.4957103
0.46222308,0.033624124,0.5041528
0.71615624,0.017768456,0.26607528
0.590817,0.093365654,0.3158174
0.35873383,0.017768363,0.6234978
0.55172116,0.021264493,0.4270143
0.9044293,0.024789967,0.070780694
0.32670736,0.09892514,0.5743675
0.25516888,0.015447198,0.72938395
0.42376554,0.018636754,0.5575977
0.65831244,0.020393072,0.3212945
0.578465,0.020596387,0.4009387
0.58421636,0.011564329,0.40421942
0.55816746,0.01906171,0.42277092
0.8743205,0.009701706,0.11597781
0.49768776,0.01974607,0.48256618
0.5168866,0.023578333,0.45953512
0.7098848,0.022123741,0.2679915
0.88830155,0.013461597,0.09823679
0.4482947,0.02987423,0.5218311
0.42118722,0.011678458,0.5671343
0.21650739,0.11718471,0.66630787
0.3212464,0.020511067,0.6582425
0.9702572,0.005935683,0.02380716
0.90174544,0.0018147371,0.0964398
0.4575308,0.017638488,0.5248307
0.75828457,0.03015507,0.21156034
0.66084266,0.0331318,0.3060255
0.3497706,0.00826063,0.6419688
0.9289962,0.0058384724,0.0651653
0.790591,0.02129089,0.18811812
0.5470668,0.023434207,0.42949894
0.900374,0.0150643485,0.084561594
0.54371274,0.021251138,0.43503615
0.6053921,0.03256226,0.36204565
0.68815154,0.012463161,0.29938525
0.53415775,0.017449308,0.4483929
0.9799621,0.0053741187,0.014663811
0.75571287,0.012776934,0.23151024
0.6813066,0.008503457,0.31018993
0.33720934,0.06404104,0.59874964
0.4587865,0.042375654,0.49883786
0.45807004,0.025145158,0.5167848
0.35233894,0.037030555,0.6106305
0.63093424,0.045513555,0.32355225
0.68558306,0.022735046,0.29168183
0.9350493,0.012095049,0.052855685
0.6370458,0.010791713,0.35216242
0.5334046,0.014243472,0.4523519
0.6645858,0.02413778,0.3112764
0.54552644,0.0191673,0.43530622
0.70956165,0.051123332,0.23931506
0.69497746,0.025579644,0.27944285
0.5347227,0.057262395,0.40801486
0.58515674,0.025100881,0.38974237
0.40603125,0.045136537,0.54883224
0.48095205,0.017442472,0.5016055
0.6244074,0.030037869,0.34555474
0.011577806,0.29157972,0.6968425
0.7004578,0.03730134,0.26224083
0.7504387,0.0029126997,0.24664854
0.4175972,0.023808558,0.5585943
0.86142313,0.018806271,0.11977059
0.30059895,0.023443803,0.67595726
0.24426979,0.04637306,0.70935714
0.757347,0.012551291,0.23010169
0.57383776,0.024160698,0.40200153
0.4869369,0.038519915,0.4745432
0.49891013,0.057450328,0.44363955
0.8989372,0.013284239,0.08777859
0.59526813,0.015230294,0.3895015
0.5976714,0.1074161,0.2949125
0.51073426,0.033655573,0.45561025
0.5043231,0.01275435,0.48292252
0.6074394,0.012459598,0.38010108
0.39456388,0.024520347,0.58091575
0.56095064,0.01345698,0.42559248
0.2599035,0.04286092,0.6972356
0.4001261,0.03313885,0.5667351
0.809051,0.03253848,0.15841053
0.9336334,0.010941642,0.05542499
0.22599514,0.14907564,0.62492925
0.2931632,0.061169792,0.64566696
0.38860965,0.032339804,0.5790505
0.39956746,0.02345632,0.57697624
0.40736935,0.013869445,0.57876116
0.5600027,0.017287854,0.42270947
0.95361394,0.0060521956,0.040333852
0.580443,0.0541784,0.36537856
0.79441756,0.011481396,0.19410099
0.42204216,0.017981982,0.5599758
0.9259062,0.014601736,0.05949206
0.25106785,0.05474929,0.6941828
0.6343221,0.028850755,0.33682704
0.92370373,0.0030857306,0.07321054
0.74950886,0.02340397,0.22708714
0.7607416,0.027033655,0.21222468
0.76836646,0.01054806,0.22108547
0.12310449,0.16484551,0.71204996
0.94041055,0.013170523,0.04641897
0.91366404,0.021517884,0.06481804
0.40102074,0.02892626,0.570053
0.19530292,0.036369108,0.768328
0.9410389,0.014988748,0.043972313
0.9627619,0.0027567982,0.034481265
0.8939166,0.014955024,0.09112837
0.95889574,0.01266767,0.028436568
0.6276088,0.028763585,0.34362763
0.4311106,0.041013855,0.5278756
0.90245295,0.003952271,0.093594745
0.6862894,0.026064163,0.28764638
0.32569844,0.02451665,0.6497849
0.7337081,0.010627479,0.25566444
0.9466656,0.012994258,0.04034014
0.62381005,0.016007124,0.36018276
0.7117896,0.010460838,0.27774957
0.7314996,0.014797738,0.25370267
0.46742848,0.01997774,0.5125938
0.72339684,0.015019612,0.26158357
0.4448652,0.017774537,0.53736025
0.6650945,0.008073426,0.3268321
0.82247525,0.02312368,0.15440099
0.35973513,0.013166618,0.62709826
0.6651137,0.01656741,0.31831887
0.9746071,0.007392669,0.018000191
0.86732394,0.01089502,0.121781
0.9634274,0.0052933884,0.03127916
0.8770976,0.016966349,0.10593605
0.91930264,0.015254708,0.0654426
0.8509084,0.021012086,0.12807949
0.41211975,0.031970225,0.55591
0.6560586,0.031622082,0.31231925
0.3961813,0.034339137,0.56947964
0.2776437,0.023162989,0.6991933
0.86819285,0.007350198,0.124456845
0.7362876,0.026528342,0.23718405
0.908425,0.011486114,0.0800889
0.24042004,0.011611561,0.74796844
0.17334823,0.05938836,0.7672635
0.8822814,0.02024629,0.097472325
0.9530239,0.0048828917,0.0420931
0.41023874,0.02171232,0.56804895
0.50073385,0.0697999,0.42946625
0.6972942,0.049504183,0.25320157
0.8661203,0.023103165,0.110776566
0.68729466,0.013559837,0.2991455
0.7770704,0.045910113,0.17701939
0.7083015,0.03487652,0.25682202
0.9927798,0.0040508923,0.0031693326
0.9314652,0.010870631,0.057664126
0.8890383,0.017845294,0.09311636
0.3601053,0.011669861,0.6282248
0.8437705,0.01671222,0.13951726
0.43561375,0.011229055,0.5531572
0.95831656,0.013824535,0.02785883
0.68159956,0.018104548,0.30029586
0.49891102,0.022988694,0.47810027
0.3420994,0.013279371,0.6446212
0.4719176,0.03629866,0.4917838
0.7355336,0.022694606,0.2417718
0.26238057,0.013771332,0.72384804
0.95244706,0.012531279,0.035021715
0.5978901,0.024287874,0.37782204
0.3979383,0.0124409115,0.58962077
0.4033207,0.01591006,0.5807692
0.65870273,0.029830903,0.3114664
0.28072304,0.029915676,0.68936133
0.7689773,0.022768904,0.20825379
0.8349167,0.010331563,0.15475169
0.4711389,0.028684784,0.50017637
0.97871464,0.0055604274,0.015724922
0.7243871,0.012217779,0.2633951
0.74739254,0.03033052,0.2222769
0.89554214,0.0145295765,0.089928195
0.70129955,0.009971631,0.28872877
0.6304034,0.04729154,0.32230502
0.84187764,0.019349894,0.13877235
0.48865306,0.01834317,0.49300376
0.2983402,0.023011573,0.67864823
0.67884535,0.022593584,0.29856104
0.91432166,0.021887401,0.0637909
0.5998142,0.016527832,0.38365805
0.47141042,0.044337537,0.4842521
0.76173097,0.01881759,0.21945143
0.9418295,0.016318118,0.04185232
0.8447154,0.015969133,0.13931541
0.2825719,0.017334683,0.7000934
0.68416125,0.021470167,0.2943686
0.4779031,0.02051241,0.50158453
0.65704286,0.023193883,0.31976333
0.6795535,0.01550103,0.3049455
0.69306856,0.028617496,0.278314
0.8179743,0.02430689,0.1577188
0.7846485,0.009348777,0.20600277
0.28785414,0.008176301,0.7039696
0.6488696,0.018014904,0.33311558
0.5352293,0.037462518,0.42730817
0.5429878,0.021360336,0.4356519
0.59480476,0.019321868,0.38587338
0.52680784,0.013008167,0.46018398
0.2216929,0.038755648,0.7395515
0.72514737,0.046461485,0.22839114
0.6914305,0.025812846,0.2827566
0.61305535,0.03716969,0.349775
0.49807942,0.024420397,0.4775002
0.33792815,0.016404146,0.64566773
0.3929828,0.08796529,0.51905185
0.9929939,0.0039877095,0.0030184374
0.6397057,0.02557407,0.33472022
0.34717444,0.008378957,0.6444466
0.6862608,0.036541373,0.27719778
0.5116652,0.019120853,0.46921387
0.902227,0.01734672,0.08042627
0.5463977,0.022529675,0.43107268
0.9713226,0.006622884,0.022054564
0.9141129,0.009183122,0.07670401
0.8407219,0.03743513,0.12184292
0.9209347,0.009503622,0.06956165
0.95024735,0.013109773,0.03664283
0.40877295,0.025375815,0.5658512
0.34349057,0.032830156,0.6236793
0.898272,0.051431436,0.050296597
0.76717836,0.021023462,0.21179824
0.3587775,0.024965677,0.6162569
0.6097253,0.021375326,0.36889935
0.65190923,0.007055255,0.34103546
0.56758827,0.027736008,0.40467572
0.55363464,0.060828544,0.38553676
0.71595436,0.004013712,0.28003198
0.44664744,0.02811384,0.5252387
0.95018494,0.01158456,0.038230475
0.9838378,0.006403914,0.009758389
0.62693834,0.031187251,0.34187442
0.49532562,0.09060372,0.4140707
0.7724038,0.025610033,0.2019862
0.7684636,0.013915197,0.21762122
0.5943702,0.037778806,0.36785096
0.55553174,0.01572547,0.42874277
0.5356814,0.02366335,0.44065526
0.23481521,0.035217904,0.7299668
0.9001081,0.0143418545,0.08554998
0.9088439,0.01356846,0.077587605
0.4668327,0.029642023,0.50352526
0.4989798,0.0345786,0.4664416
0.5323247,0.023133202,0.44454214
0.5117842,0.021582907,0.46663293
0.70372486,0.03028444,0.26599073
0.8663596,0.0201476,0.11349286
0.55154413,0.038106713,0.4103492
0.49437976,0.031211818,0.47440842
0.6054574,0.02157591,0.37296668
0.57549083,0.017764226,0.4067449
0.4582664,0.032584723,0.50914884
0.22904848,0.019985735,0.75096583
0.9568813,0.005552319,0.037566334
0.60460526,0.029627461,0.3657672
0.70031774,0.022726968,0.27695537
0.91543704,0.0065079583,0.07805503
0.97441214,0.0055164336,0.02007147
0.5478967,0.086418316,0.3656851
0.6618499,0.018179795,0.31997028
0.7145873,0.010728846,0.27468383
0.67856014,0.024857556,0.2965823
0.46281362,0.018725492,0.5184608
0.64585835,0.01991219,0.3342294
0.66025686,0.037303977,0.30243915
0.20744048,0.029150516,0.76340896
0.62169504,0.021516722,0.35678828
0.6143013,0.017786775,0.36791193
0.8733931,0.0073257927,0.119281135
0.47330046,0.012332731,0.51436675
0.608503,0.032927595,0.35856944
0.32850894,0.021768723,0.64972234
0.97172076,0.010531756,0.017747415
0.3146885,0.01962445,0.6656871
0.55603504,0.029407723,0.4145572
0.92435646,0.011182878,0.06446062
0.76029277,0.02494131,0.21476592
0.5174192,0.024570368,0.45801046
0.3598395,0.014644517,0.62551594
0.48415774,0.016686823,0.4991554
0.308711,0.021495782,0.6697932
0.2784068,0.06993739,0.65165573
0.49284908,0.008450304,0.49870068
0.6163779,0.024473874,0.3591482
0.28099918,0.043058068,0.6759428
0.6849974,0.014614063,0.30038854
0.44863793,0.026479188,0.5248829
0.7834612,0.012502988,0.20403576
0.53213334,0.01858782,0.44927886
0.8517767,0.0047697844,0.1434535
0.8995095,0.012151116,0.08833937
0.5219496,0.028630298,0.44942015
0.30876788,0.13296002,0.5582721
0.72718835,0.014053838,0.2587578
0.830368,0.024966685,0.14466542
0.65304404,0.027053058,0.31990287
0.7837361,0.016893823,0.1993701
0.80291134,0.025198655,0.17188998
0.9604665,0.0066146753,0.032918748
0.6956047,0.019974379,0.28442088
0.31545576,0.013319996,0.6712243
0.5315989,0.015808824,0.45259225
0.4993142,0.017929632,0.4827563
0.9845295,0.0044561694,0.011014399
0.6514092,0.016012458,0.3325783
0.91845626,0.01258369,0.068960086
0.70291156,0.019953448,0.27713498
0.6095673,0.022373023,0.36805975
0.8627133,0.0129302,0.12435654
0.7691745,0.019799724,0.2110257
0.92026526,0.01304199,0.06669277
0.29411036,0.05103034,0.65485936
0.850686,0.005331525,0.1439825
0.3161404,0.046348948,0.6375106
0.86382306,0.017050717,0.1191262
0.555821,0.029793082,0.41438589
0.8526859,0.023083627,0.124230385
0.6513555,0.020470697,0.32817385
0.7822063,0.01351809,0.20427558
0.33843163,0.02794529,0.63362306
0.9181283,0.013511206,0.06836041
0.66001296,0.022599781,0.31738716
0.22026505,0.026745114,0.7529898
0.8026679,0.022555903,0.17477615
0.6135714,0.014405767,0.37202293
0.41227964,0.028713629,0.5590067
0.849282,0.020964505,0.12975343
0.3061128,0.016346322,0.6775409
0.2714699,0.086161755,0.6423683
0.587613,0.05398207,0.3584049
0.32376957,0.056219164,0.6200113
0.5847822,0.011939326,0.40327847
0.394386,0.04884519,0.5567688
0.70924795,0.01622805,0.27452397
0.683657,0.017355092,0.29898795
0.18983051,0.16378379,0.64638567
0.5288865,0.028953142,0.44216043
0.8998712,0.012559698,0.08756909
0.5750708,0.01606709,0.40886208
0.4352788,0.009499849,0.5552213
0.86848843,0.012192956,0.11931864
0.59757537,0.02318001,0.37924463
0.90862614,0.008969443,0.08240437
0.80000716,0.024220945,0.17577183
0.34896484,0.024198249,0.62683696
0.5779592,0.018182706,0.4038581
0.39290375,0.018743677,0.5883525
0.30817476,0.014218838,0.6776064
0.933799,0.011090977,0.05510996
0.7203121,0.015671572,0.2640163
0.5893618,0.024388455,0.38624978
0.64105445,0.009593083,0.34935245
0.67978,0.018250046,0.30197
0.9505747,0.01943585,0.029989464
0.28269896,0.0066430327,0.710658
0.49246404,0.036620334,0.47091556
0.63335925,0.015563746,0.35107693
0.48700982,0.030142298,0.4828479
0.8064014,0.021030499,0.17256816
0.74459094,0.01568072,0.23972832
0.35086092,0.028056785,0.62108225
0.4021673,0.03273027,0.56510246
0.28910756,0.04724519,0.6636472
0.42666984,0.07382928,0.4995009
0.8809046,0.020164365,0.09893097
0.7148197,0.016289612,0.26889074
0.53484887,0.019243365,0.44590774
0.92125416,0.00920498,0.06954082
0.52616894,0.019654933,0.45417613
0.6302865,0.01613508,0.35357842
0.7918487,0.018875178,0.1892761
0.5351555,0.03508029,0.42976418
0.60590017,0.019433491,0.37466636
0.939877,0.0117282225,0.048394747
0.6998234,0.027325604,0.27285105
0.9519963,0.009317063,0.03868666
0.8728947,0.020994293,0.10611106
0.33616176,0.0328587,0.63097954
0.8871219,0.020594724,0.09228339
0.49254757,0.01496946,0.49248302
0.5152787,0.057774417,0.42694688
0.4851054,0.00859759,0.50629705
0.3730368,0.014873614,0.6120896
0.44333127,0.025560452,0.53110826
0.9453989,0.010615405,0.043985754
0.52047026,0.03970183,0.43982786
0.90022665,0.025614772,0.074158624
0.51858205,0.016636785,0.46478114
0.59924227,0.026459653,0.37429804
0.48275393,0.029600212,0.48764586
0.74034446,0.019717079,0.23993847
0.8731683,0.012328363,0.11450333
0.78577334,0.014447395,0.19977921
0.8511487,0.022638226,0.12621306
0.5448242,0.01390047,0.4412753
0.74234915,0.013924809,0.24372597
0.32116476,0.029371591,0.64946365
0.7535845,0.017962618,0.22845288
0.8251558,0.021953963,0.1528902
0.72235906,0.04287526,0.2347656
0.45435593,0.052309208,0.49333483
0.35958225,0.022536501,0.6178812
0.7146644,0.015861003,0.26947457
0.64434135,0.030566892,0.3250917
0.4302241,0.009995935,0.55977994
0.8891188,0.015195644,0.09568561
0.7407823,0.024762169,0.23445551
0.48969588,0.0031256983,0.5071785
0.5581386,0.03315081,0.40871063
0.87497324,0.015983315,0.10904351
0.6008533,0.013257632,0.38588908
0.47669578,0.025253734,0.49805045
0.59308493,0.019041788,0.38787326
0.5648942,0.028331663,0.40677404
0.8095924,0.020100687,0.1703069
0.70430136,0.027288968,0.26840973
0.3574397,0.034149475,0.60841084
0.7341888,0.018997015,0.24681412
0.7715919,0.01862589,0.20978229
0.47165832,0.014543673,0.513798
0.93854266,0.0030449699,0.058412343
0.1747025,0.035460155,0.78983736
0.7956841,0.01581435,0.18850155
0.34041753,0.019060219,0.6405222
0.6916629,0.018078225,0.29025882
0.48089516,0.020125048,0.4989798
0.54891485,0.023023404,0.42806172
0.69591635,0.014152124,0.28993154
0.9117616,0.010052679,0.07818567
0.5073796,0.014975908,0.47764453
0.724768,0.033221845,0.24201019
0.8116381,0.005652255,0.1827097
0.8754961,0.021308957,0.103194885
0.865306,0.018236445,0.1164575
0.76182544,0.0195317,0.21864288
0.4148235,0.009345133,0.5758314
0.63424766,0.010102385,0.3556499
0.7382726,0.015558472,0.24616885
0.9521461,0.010757357,0.03709645
0.52083313,0.04849391,0.430673
0.47257861,0.014219335,0.5132021
0.866554,0.02756025,0.10588565
0.799437,0.015024421,0.1855387
0.37217817,0.012029387,0.61579245
0.89521706,0.016535148,0.088247806
0.8514572,0.022640126,0.1259027
0.7329912,0.016487962,0.2505208
0.78059405,0.014861897,0.20454408
0.7344398,0.026141355,0.23941891
0.534045,0.02471854,0.44123644
0.48794308,0.023470435,0.4885865
0.5167075,0.019362174,0.46393034
0.30511048,0.047218926,0.6476706
0.9499078,0.0060785394,0.044013724
0.86543727,0.0042253165,0.13033739
0.24951406,0.020261414,0.73022455
0.9373626,0.011809319,0.050828148
0.7576958,0.023339117,0.21896504
0.4692469,0.025435522,0.50531757
0.82060534,0.015750146,0.16364451
0.68281114,0.018736562,0.29845226
0.41203362,0.025652282,0.56231415
0.4863052,0.034510702,0.47918415
0.687903,0.042029735,0.27006736
0.75366384,0.017349044,0.22898711
0.38462722,0.019001842,0.59637094
0.3687083,0.040601656,0.5906901
0.56346333,0.026214061,0.41032255
0.681959,0.026749292,0.2912918
0.64880365,0.01570382,0.33549252
0.8177086,0.013581733,0.16870962
0.78672516,0.0206952,0.19257955
0.69488734,0.038303405,0.26680917
0.5395543,0.027859166,0.43258658
0.5190156,0.016828975,0.4641554
0.4576391,0.02311852,0.5192424
0.8795951,0.01399104,0.106413856
0.893732,0.025488818,0.08077914
0.778184,0.01866096,0.20315506
0.82557887,0.017363966,0.1570572
0.9236879,0.008061936,0.068250194
0.37536958,0.03291212,0.5917183
0.3500457,0.03962345,0.6103308
0.4258432,0.017246984,0.5569098
0.55294156,0.026222732,0.42083567
0.5383855,0.016731761,0.44488278
0.5305128,0.027550017,0.44193718
0.9117626,0.016777623,0.071459815
0.33972323,0.016193893,0.64408284
0.73569447,0.016525837,0.24777967
0.67144066,0.03859476,0.28996456
0.56380177,0.046103306,0.39009497
0.48851588,0.0125901,0.49889404
0.4628878,0.024916654,0.5121955
0.6886127,0.031465966,0.2799214
0.42515993,0.0181686,0.55667144
0.8095147,0.015818112,0.17466725
0.39760852,0.00908519,0.5933063
0.613045,0.019274307,0.36768076
0.7683939,0.023714134,0.20789196
0.90992296,0.008819813,0.08125724
0.82211006,0.011626377,0.16626354
0.568847,0.013907311,0.4172457
0.97924805,0.010198131,0.010553787
0.52092713,0.032507792,0.44656515
0.76168007,0.020224052,0.21809597
0.6788254,0.029156286,0.29201826
0.622031,0.027047385,0.3509216
0.36109948,0.04023862,0.59866196
0.48278642,0.03375792,0.4834557
0.9276134,0.014259606,0.058127053
0.12984906,0.16761224,0.7025387
0.8790239,0.012459382,0.10851668
0.7556263,0.02427628,0.22009738
0.6260756,0.028151803,0.3457726
0.9813426,0.0057139215,0.012943454
0.67016983,0.03913323,0.29069695
0.2776208,0.017492805,0.70488644
0.8082685,0.017539822,0.17419167
0.40852198,0.013381736,0.5780963
0.8850862,0.015638879,0.09927492
0.47826877,0.029528659,0.49220255
0.31201738,0.031097366,0.6568852
0.7019932,0.022248019,0.27575874
0.21539612,0.059041694,0.7255622
0.87685126,0.011227362,0.11192137
0.61826193,0.035451233,0.34628686
0.3410884,0.032226063,0.6266855
0.23755577,0.04458937,0.71785486
0.11068235,0.028814012,0.8605037
0.81804657,0.017422844,0.16453066
0.6024699,0.032737646,0.36479247
0.75786585,0.014487322,0.22764687
0.76302975,0.023828518,0.21314175
0.7794205,0.017393643,0.20318595
0.61709446,0.020046277,0.3628593
0.8415247,0.021025341,0.13744989
0.60373884,0.026111038,0.37015012
0.23094942,0.10424349,0.66480714
0.6151576,0.033095233,0.35174716
0.8463172,0.006637266,0.14704555
0.9219752,0.018050458,0.059974376
0.64136994,0.02076164,0.33786842
0.98475605,0.0061854143,0.009058614
0.37762114,0.016676812,0.6057021
0.9338658,0.012524817,0.05360944
0.86099845,0.011759197,0.12724237
0.49986574,0.022384984,0.4777492
0.9480737,0.01133254,0.040593825
0.5777905,0.019224688,0.40298483
0.40789405,0.027615367,0.5644906
0.3564147,0.010422451,0.6331628
0.5531876,0.018432792,0.42837963
0.68735707,0.009971919,0.302671
0.79890966,0.011480969,0.1896094
0.54029083,0.023737796,0.43597138
0.5649584,0.026755,0.40828666
0.9231735,0.0104023,0.06642415
0.9277953,0.009842282,0.06236248
0.48037982,0.02158032,0.49803987
0.25364235,0.03488882,0.7114689
0.4108162,0.025304453,0.5638794
0.4829622,0.011466181,0.5055716
0.6525252,0.007704847,0.33977005
0.32522222,0.043431103,0.63134664
0.8263265,0.017640531,0.15603302
0.8502634,0.029879555,0.11985704
0.9773641,0.011234821,0.011401078
0.57221043,0.022981249,0.4048083
0.5299215,0.020732597,0.44934595
0.5342165,0.018862233,0.44692114
0.9426271,0.007284133,0.05008881
0.59391755,0.03777253,0.36830992
0.34919947,0.014458865,0.63634163
0.24312913,0.02063194,0.73623896
0.33982414,0.030277591,0.6298983
0.7114834,0.014044881,0.27447176
0.45479012,0.029398762,0.5158111
0.63416594,0.026760975,0.33907312
0.6788065,0.0285546,0.29263893
0.6504788,0.023399822,0.3261214
0.75587523,0.016095066,0.22802973
0.98124576,0.004118895,0.014635333
0.4084563,0.018913105,0.5726305
0.7323947,0.015459812,0.25214544
0.63475716,0.015763292,0.3494796
0.7130865,0.011947157,0.27496636
0.24938254,0.024957208,0.72566026
0.83104426,0.021908509,0.14704725
0.4274225,0.019675337,0.5529022
0.9207755,0.018282726,0.060941886
0.788127,0.016945228,0.19492778
0.40232506,0.043241534,0.55443335
0.58755726,0.035787206,0.37665558
0.95244706,0.011040636,0.03651226
0.5932281,0.02017438,0.38659754
0.5512897,0.030126905,0.41858348
0.812641,0.025818203,0.16154079
0.7375291,0.012813762,0.24965711
0.7415904,0.023365851,0.23504378
0.48749045,0.022321997,0.4901875
0.5361796,0.025727797,0.43809262
0.8903026,0.02030388,0.08939361
0.6615857,0.030112153,0.30830222
0.90680164,0.020066345,0.07313199
0.8260152,0.03627261,0.13771217
0.7010818,0.022271717,0.2766465
0.75500447,0.020997431,0.22399804
0.42039132,0.0274291,0.5521796
0.34948245,0.010995084,0.63952243
0.8288501,0.029265873,0.14188401
0.26939288,0.074088454,0.65651864
0.72193575,0.008032715,0.27003157
0.6848646,0.033473615,0.2816617
0.47630328,0.029375186,0.49432155
0.68069077,0.023426633,0.29588255
0.7232353,0.021728171,0.25503656
0.8848177,0.018037528,0.09714476
0.44064254,0.021633156,0.53772426
0.827746,0.015997486,0.15625648
0.60793567,0.012177849,0.37988642
0.8894012,0.012234451,0.09836435
0.5719843,0.018210763,0.40980497
0.9303157,0.009826626,0.059857726
0.4486357,0.027154006,0.52421033
0.7044871,0.021511644,0.2740013
0.30726287,0.0249178,0.6678193
0.41071007,0.011490668,0.57779926
0.5124855,0.011721681,0.47579283
0.5365372,0.032638762,0.43082413
0.4460719,0.034206316,0.5197218
0.47069716,0.03141185,0.497891
0.88087744,0.009572171,0.10955036
0.75079316,0.020857412,0.22834943
0.27826327,0.024711788,0.697025
0.22306561,0.014872814,0.7620616
0.65175384,0.01396578,0.3342803
0.9267039,0.010672013,0.06262408
0.70750207,0.009202472,0.28329542
0.84125566,0.017738925,0.14100538
0.3817993,0.05129217,0.56690854
0.33850816,0.0067930156,0.6546987
0.47144693,0.027163813,0.50138927
0.57631606,0.0123724425,0.4113115
0.8124008,0.028601103,0.15899812
0.63762265,0.009050051,0.35332724
0.76519984,0.019979145,0.21482101
0.3758448,0.017361768,0.60679346
0.6472736,0.006008333,0.34671813
0.50445634,0.033446517,0.46209717
0.30309805,0.023049165,0.67385286
0.9119058,0.008539661,0.07955451
0.48781165,0.031287998,0.48090032
0.60215056,0.008694406,0.38915503
0.87550414,0.022976698,0.10151915
0.44484052,0.020069586,0.53508985
0.8276074,0.015832104,0.15656044
0.73251843,0.036971983,0.23050962
0.32160622,0.06805302,0.6103408
0.8023527,0.005435113,0.1922122
0.9104385,0.012062729,0.07749875
0.6948497,0.025049418,0.2801009
0.5660342,0.012871101,0.42109463
0.016019259,0.801473,0.18250774
0.023026362,0.26062128,0.71635234
0.0364286,0.1841812,0.7793902
0.011860266,0.9188621,0.06927774
0.0016581652,0.9940433,0.004298563
0.012425432,0.95001996,0.037554562
0.022486499,0.696996,0.28051758
0.012733776,0.9184689,0.068797305
0.018918006,0.21241324,0.7686687
0.013110282,0.93022233,0.056667417
0.010102284,0.71272784,0.27716985
0.013788189,0.7984655,0.18774633
0.028403383,0.40275562,0.568841
0.025210517,0.83381057,0.1409789
0.03115764,0.35190278,0.6169396
0.021286577,0.52586025,0.45285323
0.020639133,0.52590656,0.45345432
0.02594671,0.71163964,0.26241365
0.14140882,0.15394208,0.7046491
0.00958314,0.6424742,0.34794268
0.031036235,0.24907534,0.71988845
0.0034389375,0.9466784,0.049882673
0.015107282,0.6660894,0.31880337
0.018261276,0.8231756,0.15856312
0.0064508617,0.7832414,0.21030776
0.022597123,0.38601378,0.5913892
0.0032655536,0.9516422,0.045092262
0.025980206,0.785681,0.18833879
0.016357996,0.77169824,0.21194378
0.03776645,0.35102645,0.61120707
0.017293368,0.58156294,0.40114364
0.01815712,0.4762292,0.50561374
0.048117697,0.38734,0.56454223
0.017184788,0.7491365,0.23367871
0.02922742,0.7655646,0.20520791
0.016830286,0.4170447,0.566125
0.017520484,0.43759543,0.54488415
0.021426277,0.65338135,0.3251924
0.02070373,0.63614076,0.34315556
0.009456613,0.7798835,0.21065988
0.08348154,0.10768079,0.8088377
0.02378585,0.45378783,0.5224263
0.044598892,0.4476744,0.5077268
0.022147497,0.7657702,0.21208231
0.038094588,0.20685285,0.7550525
0.014629215,0.7910508,0.19431998
0.011729409,0.70541453,0.2828561
0.012241579,0.6478346,0.33992383
0.006768572,0.954165,0.039066494
0.026409915,0.31200185,0.66158825
0.16046353,0.15639658,0.68313986
0.020672353,0.41543895,0.5638886
0.020903304,0.51459223,0.4645045
0.024690583,0.2848199,0.69048953
0.015626382,0.8173031,0.16707042
0.017990865,0.77986103,0.2021481
0.012737284,0.8568119,0.1304509
0.0055169305,0.9784661,0.01601702
0.020387534,0.23869956,0.74091285
0.021724846,0.8369447,0.14133045
0.02940234,0.61055535,0.3600423
0.021948678,0.58738536,0.390666
0.14565758,0.22462703,0.6297153
0.024098935,0.59200704,0.38389397
0.010614886,0.47939003,0.5099951
0.021518383,0.306202,0.6722796
0.012155487,0.3868994,0.6009452
0.051918313,0.47867528,0.4694065
0.07909493,0.36808246,0.55282253
0.013309008,0.75326246,0.23342848
0.0048796665,0.36787623,0.62724406
0.020023856,0.5276104,0.45236576
0.0147976875,0.61941373,0.3657886
0.0016916345,0.9571451,0.041163262
0.06594859,0.14604533,0.7880061
0.009063501,0.46665478,0.5242817
0.0014082124,0.76214415,0.2364476
0.033653665,0.5371168,0.4292295
0.0030893732,0.9898145,0.0070960606
0.02578729,0.20007698,0.77413577
0.012748633,0.9313971,0.055854373
0.09274767,0.33935696,0.5678954
0.0040875603,0.8199737,0.17593879
0.0055427905,0.7201469,0.27431032
0.024083091,0.53580296,0.44011405
0.028421333,0.48577684,0.48580182
0.027773611,0.65956366,0.3126628
0.019963987,0.33907133,0.64096475
0.005932074,0.9817062,0.012361735
0.020491142,0.72149396,0.2580149
0.033687945,0.8124848,0.15382728
0.032580435,0.42434263,0.54307693
0.06101321,0.40536457,0.5336222
0.02210254,0.3594554,0.6184421
0.024967836,0.5696862,0.40534607
0.025524925,0.5693597,0.4051154
0.027582059,0.57931566,0.39310223
0.011338219,0.83843756,0.15022428
0.05359955,0.18856525,0.7578352
0.035866115,0.7753079,0.18882598
0.025901878,0.40373072,0.5703674
0.04075194,0.19580337,0.76344466
0.0069861347,0.2889889,0.704025
0.052862063,0.6703723,0.2767656
0.01681365,0.76859665,0.21458973
0.008949371,0.91884005,0.07221053
0.0029382773,0.9933815,0.0036802185
0.01259583,0.9469292,0.04047505
0.012785674,0.9312996,0.05591462
0.0133584095,0.30861372,0.67802787
0.005537057,0.7190141,0.27544883
0.016910698,0.21521339,0.7678759
0.03495413,0.6597465,0.30529934
0.01900117,0.45461392,0.52638495
0.011302856,0.85254914,0.13614793
0.017151453,0.6137809,0.36906752
0.0083248755,0.73098713,0.260688
0.01558,0.6253057,0.3591143
0.019453745,0.6836873,0.29685894
0.029659178,0.78419316,0.1861477
0.021481289,0.4537695,0.5247493
0.022789866,0.6103693,0.36684093
0.010068341,0.7090249,0.28090674
0.006234187,0.89750725,0.0962586
0.018814057,0.67862666,0.3025593
0.0034031768,0.8995812,0.09701565
0.0033830872,0.49538505,0.50123185
0.029445346,0.29990107,0.67065364
0.011357022,0.87847906,0.110163964
0.01666988,0.88468176,0.09864837
0.0037092443,0.7923083,0.20398253
0.028198179,0.7194226,0.25237927
0.021253338,0.5122134,0.46653318
0.0048904954,0.751063,0.24404655
0.005013542,0.82105917,0.17392729
0.024720721,0.53484416,0.44043517
0.017494226,0.6982478,0.284258
0.04672565,0.16216423,0.79111016
0.0177607,0.70944136,0.2727979
0.0152811,0.8564211,0.12829775
0.00037361318,0.9960335,0.003592845
0.024723468,0.94854546,0.026731035
0.0055209096,0.8655388,0.1289404
0.004476769,0.8223256,0.17319767
0.04838352,0.69346094,0.25815552
0.013949471,0.5440071,0.44204348
0.028491262,0.88918614,0.08232263
0.013311895,0.6370507,0.34963745
0.013641994,0.90120846,0.085149564
0.013555093,0.39753562,0.5889093
0.019115226,0.7985462,0.18233854
0.040054362,0.4057793,0.5541664
0.010123703,0.8598745,0.13000177
0.0044831415,0.9498199,0.045697033
0.00683081,0.6708261,0.32234308
0.008068185,0.8886718,0.10325997
0.01570719,0.44717938,0.5371135
0.033133984,0.4456139,0.5212521
0.017927118,0.9110401,0.07103271
0.007878341,0.77549523,0.21662645
0.28364915,0.0624749,0.653876
0.04171474,0.50168157,0.45660374
0.021077901,0.5931856,0.3857365
0.0021900432,0.9909552,0.006854758
0.0067573404,0.79961187,0.19363084
0.010657038,0.68316424,0.3061787
0.041048512,0.55629253,0.40265885
0.006731264,0.451501,0.5417677
0.0041027814,0.9719062,0.023991063
0.019560862,0.29987204,0.680567
0.012222747,0.94326127,0.04451601
0.06286344,0.5397107,0.39742592
0.044023734,0.31607103,0.6399052
0.02504084,0.825187,0.14977214
0.011994776,0.75653535,0.23146982
0.04562987,0.17119119,0.783179
0.039754957,0.38330156,0.57694346
0.01606687,0.76647115,0.21746205
0.01161042,0.64002365,0.348366
0.014464091,0.68776655,0.2977694
0.071484566,0.1916624,0.73685306
0.006912558,0.9627774,0.030309988
0.01808194,0.6850582,0.29685992
0.016031552,0.7342041,0.24976434
0.005604379,0.79533106,0.19906452
0.0056568054,0.72100586,0.27333733
0.009231652,0.97337985,0.017388409
0.027005846,0.4599754,0.5130188
0.019981913,0.69854796,0.2814701
0.007667562,0.75959563,0.2327368
0.008224384,0.7475419,0.24423365
0.028579302,0.91419536,0.057225335
0.019038344,0.5632065,0.41775522
0.015409664,0.77090037,0.21369003
0.013294498,0.6655559,0.3211496
0.010283442,0.9066845,0.08303206
0.020611763,0.18527901,0.7941092
0.010003858,0.5156319,0.47436422
0.0025704768,0.4642039,0.5332256
0.027912682,0.51887673,0.45321062
0.028289286,0.30586043,0.6658503
0.018670449,0.55809814,0.42323136
0.012011113,0.52962244,0.45836642
0.024661643,0.3326813,0.6426571
0.018482087,0.9231854,0.05833259
0.032260925,0.93769133,0.030047713
0.0029109519,0.95026106,0.04682805
0.023849223,0.44940162,0.5267491
0.012019341,0.8241926,0.16378812
0.008212116,0.56858987,0.42319798
0.046797637,0.15113717,0.8020652
0.041888826,0.7244249,0.23368628
0.008573594,0.8544396,0.13698676
0.04141758,0.49383727,0.46474525
0.025752544,0.5611156,0.4131319
0.05304376,0.76699233,0.17996398
0.0128002325,0.63038164,0.35681814
0.0030310254,0.9230566,0.07391236
0.04922094,0.22393622,0.7268428
0.011926834,0.8990196,0.08905363
0.018288575,0.32273692,0.65897447
0.023996897,0.49810222,0.47790095
0.022799686,0.23338832,0.743812
0.03216198,0.70718616,0.26065183
0.01617589,0.6688569,0.3149672
0.012665698,0.66395867,0.32337567
0.103812374,0.017987257,0.8782004
0.010013367,0.94733256,0.04265409
0.01803963,0.785039,0.19692144
0.025299348,0.3667706,0.60793006
0.008636288,0.49676087,0.4946028
0.015171292,0.4283681,0.5564606
0.028342413,0.44647068,0.52518684
0.065548696,0.2604443,0.674007
0.008066456,0.45757058,0.53436303
0.029144095,0.3826722,0.5881837
0.020037098,0.367616,0.6123469
0.022411494,0.6308912,0.3466974
0.04211,0.46065667,0.4972333
0.013050609,0.81233054,0.17461884
0.02862586,0.23970613,0.73166806
0.04092547,0.6223556,0.3367189
0.22680354,0.13849153,0.6347049
0.031150956,0.5135168,0.45533225
0.020376809,0.57248163,0.40714148
0.019541629,0.69760025,0.2828582
0.018727863,0.80701244,0.1742596
0.016324528,0.48367247,0.500003
0.025086338,0.35617194,0.6187418
0.012862075,0.5697592,0.41737875
0.046650305,0.38892448,0.5644253
0.023652699,0.13330762,0.8430397
0.008044296,0.7253409,0.26661476
0.0122930445,0.48486558,0.5028414
0.016542837,0.9482292,0.035228033
0.018853089,0.40427187,0.5768751
0.009496874,0.52532625,0.4651769
0.02524677,0.65368176,0.32107145
0.018645188,0.7661218,0.21523303
0.008267565,0.898807,0.092925355
0.0072432742,0.8470249,0.1457317
0.0064202067,0.4830401,0.5105397
0.012331619,0.7487431,0.23892528
0.016986435,0.42006123,0.56295234
0.0073782313,0.9178335,0.07478823
0.008236328,0.93673134,0.055032313
0.009461541,0.52222157,0.46831694
0.014567951,0.45083916,0.5345929
0.021119399,0.71491706,0.26396352
0.051588975,0.49438068,0.45403033
0.013059612,0.7356222,0.25131813
0.117256135,0.48588672,0.39685708
0.016320813,0.3262066,0.6574726
0.10561205,0.43585503,0.4585329
0.012428609,0.18792447,0.7996469
0.01982848,0.5811871,0.39898437
0.139851,0.16752462,0.6926244
0.023466842,0.47014683,0.5063863
0.029544031,0.8252679,0.14518815
0.01299388,0.87250185,0.11450419
0.0072408337,0.8094476,0.18331166
0.0215886,0.8257959,0.15261552
0.010397002,0.82455105,0.16505203
0.034707036,0.32726502,0.63802797
0.021418452,0.670933,0.30764854
0.02462307,0.8536296,0.12174732
0.0028226536,0.98759896,0.0095784785
0.028430438,0.29136458,0.680205
0.00460804,0.9258052,0.0695868
0.0132054705,0.7879634,0.19883111
0.01505958,0.9565877,0.028352778
0.019470487,0.4784043,0.5021252
0.13718715,0.109450355,0.75336254
0.02762372,0.3724904,0.5998858
0.023145724,0.3314329,0.64542145
0.021183126,0.7802899,0.19852695
0.019724973,0.40790394,0.5723711
0.021243816,0.76543444,0.21332175
0.011625718,0.6504462,0.33792812
0.12239002,0.42034876,0.45726117
0.028487936,0.5306889,0.44082317
0.012565865,0.86124545,0.12618871
0.00872072,0.40823498,0.58304435
0.0575443,0.15951513,0.7829406
0.04116171,0.8304833,0.12835506
0.0060606156,0.92840284,0.065536566
0.026991911,0.55294985,0.42005822
0.0149693005,0.6744716,0.31055903
0.012871109,0.5710068,0.4161221
0.02115958,0.56397974,0.41486058
0.027248701,0.26265916,0.7100921
0.006460069,0.5069909,0.48654905
0.1347253,0.2758322,0.5894425
0.024399143,0.70795023,0.26765057
0.025300093,0.6726201,0.30207977
0.012742551,0.7897143,0.19754316
0.017429726,0.5535178,0.42905244
0.015849905,0.26348716,0.72066295
0.039000243,0.666366,0.29463375
0.0518382,0.27877536,0.66938645
0.009911273,0.9413114,0.048777364
0.007213415,0.9626848,0.03010175
0.013202807,0.85680795,0.12998919
0.011629312,0.44629136,0.5420794
0.030158186,0.47288233,0.49695957
0.032738127,0.4050104,0.56225145
0.0049678045,0.475809,0.5192232
0.11808136,0.18696566,0.69495296
0.009695755,0.7455432,0.24476111
0.04782207,0.29119948,0.66097844
0.014215353,0.39578345,0.59000117
0.016534606,0.26199144,0.72147393
0.033333205,0.31156656,0.6551003
0.020342726,0.7597123,0.21994494
0.038425587,0.20175722,0.7598172
0.02989319,0.4599334,0.51017344
0.009871334,0.46744385,0.5226848
0.03577969,0.8189584,0.14526196
0.020222893,0.5689945,0.41078258
0.010918248,0.79454076,0.19454099
0.019530969,0.43148485,0.5489841
0.0009432531,0.9978562,0.0012005152
0.037885793,0.81927586,0.14283833
0.032449983,0.35762772,0.6099223
0.053663205,0.7561471,0.1901897
0.015627595,0.7017013,0.2826711
0.042459693,0.76394117,0.19359915
0.00502554,0.74600565,0.2489688
0.022930445,0.25358298,0.7234866
0.015355888,0.3419845,0.64265966
0.10829068,0.21421818,0.6774911
0.01968969,0.69803035,0.2822799
0.06051827,0.27337953,0.6661022
0.012003523,0.55256927,0.43542725
0.021069499,0.7819995,0.19693099
0.030102946,0.36837015,0.6015269
0.021159701,0.23178545,0.7470549
0.13317148,0.28837854,0.57844996
0.03242688,0.3359902,0.6315829
0.00753326,0.6984244,0.29404235
0.015089403,0.80007607,0.18483454
0.007825666,0.5728067,0.41936755
0.009770619,0.644979,0.34525034
0.025065057,0.604133,0.37080187
0.012862468,0.40642968,0.58070785
0.020315826,0.79190373,0.18778035
0.017430022,0.871904,0.110665865
0.01527337,0.5241654,0.4605612
0.008612816,0.44738656,0.5440006
0.01671657,0.31986797,0.66341555
0.015841547,0.7250189,0.25913957
0.010265473,0.5967663,0.3929683
0.015648784,0.6451631,0.3391882
0.02593719,0.60578626,0.36827654
0.075719975,0.71845514,0.20582485
0.032855738,0.56155014,0.40559414
0.011097317,0.8387286,0.15017408
0.013754663,0.8100406,0.17620477
0.0031347822,0.9543498,0.042515464
0.017608963,0.5012917,0.4810993
0.083823934,0.075808115,0.8403679
0.005789117,0.9747253,0.019485498
0.009790903,0.7699302,0.22027889
0.01441211,0.9117077,0.07388018
0.009104729,0.9085586,0.08233668
0.0196013,0.79157907,0.18881963
0.014491038,0.403808,0.58170104
0.015540988,0.62635684,0.3581022
0.009394784,0.8395682,0.15103693
0.01528634,0.29532868,0.689385
0.025415193,0.64522594,0.3293589
0.017499762,0.77071965,0.21178053
0.009455422,0.66819596,0.32234865
0.007077068,0.582712,0.41021097
0.018829172,0.6767415,0.3044293
0.10543521,0.08214259,0.8124222
0.016245428,0.49315268,0.4906019
0.023828916,0.41122106,0.56495005
0.032475095,0.6950541,0.27247077
0.014255335,0.8853745,0.100370236
0.0019375081,0.6209032,0.37715933
0.070519105,0.37991273,0.54956824
0.00877734,0.8473546,0.14386806
0.0033151384,0.45291406,0.54377085
0.013613909,0.80617595,0.18021016
0.004986789,0.9909276,0.004085647
0.026865063,0.6206193,0.3525157
0.007788459,0.4862493,0.50596225
0.010529041,0.76511776,0.22435327
0.013523903,0.6502896,0.33618653
0.009894839,0.9167827,0.073322505
0.02510346,0.4644772,0.51041925
0.03448858,0.7372574,0.22825398
0.11790465,0.26246455,0.61963075
0.27836484,0.13463663,0.5869985
0.01389304,0.6885342,0.2975727
0.0145431,0.94254076,0.04291607
0.014813499,0.46377397,0.52141255
0.014657431,0.48775756,0.49758497
0.020702906,0.73447454,0.24482253
0.0019737338,0.8477666,0.15025966
0.025359774,0.8511179,0.12352225
0.014381593,0.6211622,0.36445624
0.014048631,0.33838817,0.64756316
0.056028422,0.1967509,0.7472207
0.007109292,0.95065635,0.04223431
0.02515197,0.48901168,0.4858364
0.0014010854,0.9954926,0.003106347
0.0042538173,0.9783076,0.017438611
0.015743917,0.42005157,0.5642046
0.016223239,0.26388007,0.71989673
0.019238507,0.40001592,0.5807456
0.0055006985,0.9781319,0.0163674
0.01860876,0.5974522,0.38393897
0.052310556,0.33194277,0.6157467
0.0141283935,0.9747434,0.011128267
0.034562897,0.3962091,0.569228
0.020718452,0.4291263,0.5501552
0.022332534,0.49380302,0.4838645
0.03379221,0.25277832,0.7134295
0.031296693,0.52434045,0.44436285
0.023518281,0.89264035,0.083841324
0.012894503,0.64678115,0.34032437
0.00547896,0.44702247,0.5474985
0.010630259,0.9678196,0.02155019
0.016210487,0.87671775,0.107071824
0.010411173,0.9348211,0.0547677
0.0426211,0.92225945,0.035119537
0.024941867,0.25788027,0.71717787
0.11993611,0.056325383,0.8237385
0.0017826366,0.9870522,0.011165136
0.022410197,0.7788491,0.19874066
0.007011948,0.81112283,0.18186522
0.026503826,0.89354545,0.07995071
0.010706085,0.823834,0.16545987
0.02468517,0.53632057,0.43899426
0.0139633035,0.9275899,0.0584469
0.024463192,0.7777063,0.1978305
0.010465985,0.6763273,0.3132067
0.01357444,0.5485849,0.4378406
0.03480027,0.43707243,0.5281273
0.027275193,0.56952226,0.4032025
0.07433569,0.10125303,0.8244113
0.022844048,0.5343617,0.44279426
0.011979191,0.92472106,0.063299775
0.01596629,0.6171633,0.3668704
0.01648402,0.38630733,0.5972086
0.08117531,0.28545153,0.63337314
0.075662,0.5342623,0.39007574
0.028475318,0.3922884,0.5792362
0.014693,0.49422434,0.49108267
0.08379181,0.3375472,0.5786609
0.010185524,0.7567961,0.23301837
0.02738053,0.4360341,0.5365854
0.020629259,0.53912985,0.4402409
0.031686507,0.47613937,0.49217412
0.03001017,0.519007,0.45098287
0.007072146,0.9111933,0.081734516
0.017439257,0.8478572,0.13470356
0.014818417,0.6296569,0.35552466
0.0073416927,0.8911306,0.10152771
0.0302627,0.824562,0.14517526
0.048226405,0.20432092,0.74745274
0.027583873,0.8425481,0.12986803
0.016159158,0.8446257,0.1392151
0.00489847,0.90621877,0.088882774
0.0183592,0.6932649,0.28837588
0.01780717,0.4032833,0.5789095
0.0476745,0.30341542,0.6489101
0.0238939,0.45378047,0.5223257
0.035382096,0.30593076,0.6586871
0.038937084,0.28320265,0.6778603
0.008615705,0.96493715,0.02644717
0.021383237,0.9124863,0.06613045
0.008289725,0.8424169,0.14929341
0.05079356,0.42997298,0.51923347
0.03242755,0.49282974,0.47474268
0.040138494,0.3661835,0.593678
0.0050334516,0.8637599,0.13120666
0.019005118,0.26428398,0.7167109
0.010681866,0.9406239,0.048694253
0.020888416,0.2607276,0.7183839
0.0042797304,0.8470809,0.14863946
0.011568086,0.74892783,0.23950413
0.020206671,0.8452545,0.13453887
0.012553903,0.8511831,0.13626292
0.023969574,0.14248058,0.83354986
0.033315673,0.6597218,0.30696258
0.04140405,0.5371588,0.42143708
0.009101605,0.6539028,0.3369956
0.06691299,0.5832794,0.34980768
0.01536477,0.7161621,0.26847312
0.017466992,0.47022134,0.51231164
0.010673398,0.9538961,0.03543054
0.011754361,0.75612324,0.2321224
0.0014338968,0.9485053,0.05006088
0.035324033,0.5458144,0.4188616
0.024871115,0.8511719,0.12395696
0.012303338,0.9561271,0.031569522
0.021037543,0.57996225,0.39900014
0.018875705,0.54243386,0.4386905
0.021100227,0.72101843,0.2578814
0.026679652,0.7111321,0.2621882
0.01933904,0.8054868,0.17517413
0.044280555,0.29272032,0.6629991
0.021325132,0.536914,0.44176096
0.00056030985,0.9985275,0.00091210497
0.14047563,0.44796586,0.4115585
0.029478502,0.37169814,0.5988234
0.03394495,0.7263736,0.23968142
0.013362028,0.8778699,0.10876806
0.010411772,0.38141626,0.608172
0.025345637,0.3764316,0.5982228
0.050414268,0.3417202,0.6078656
0.013579688,0.30895105,0.67746925
0.02274099,0.8907657,0.0864933
0.023532635,0.906255,0.0702124
0.0101091545,0.85005283,0.13983794
0.012559629,0.7908903,0.1965501
0.036481824,0.4300284,0.5334897
0.0037608263,0.76943564,0.2268035
0.015743287,0.6806411,0.30361563
0.01963551,0.6220773,0.3582872
0.040646628,0.3435209,0.6158325
0.024250345,0.47146937,0.50428027
0.010298061,0.9131225,0.07657955
0.013478243,0.4018565,0.5846653
0.017100094,0.78737366,0.19552621
0.041909873,0.47264358,0.48544657
0.011970238,0.60869914,0.37933072
0.010654402,0.6394925,0.34985316
0.057622574,0.059189748,0.88318765
0.012092515,0.72884613,0.25906134
0.011541878,0.4150322,0.57342595
0.006837558,0.8323375,0.16082498
0.023807302,0.47632587,0.49986675
0.0073639182,0.94718486,0.0454513
0.024278712,0.6083407,0.36738065
0.04745075,0.21557972,0.73696953
0.026390532,0.33353385,0.6400756
0.021063784,0.2663843,0.71255183
0.012840392,0.9099299,0.077229716
0.017730765,0.30791005,0.6743592
0.012149237,0.82411045,0.16374032
0.008564669,0.57250273,0.41893253
0.02354332,0.83531076,0.14114597
0.012244221,0.89858717,0.08916859
0.013626155,0.4224578,0.563916
0.011496815,0.911245,0.07725811
0.013597171,0.21172594,0.774677
0.011346801,0.6561638,0.33248937
0.015971284,0.8657638,0.118264936
0.015686562,0.5868011,0.39751232
0.008466368,0.4885062,0.50302744
0.0033154304,0.98624957,0.010434908
0.062098514,0.22404623,0.71385527
0.027560055,0.21999626,0.7524437
0.012311552,0.33471072,0.6529777
0.08041429,0.22740936,0.69217634
0.016746718,0.24315362,0.74009967
0.024896333,0.45484415,0.52025956
0.019001309,0.87754774,0.10345094
0.013113348,0.9147567,0.072129846
0.0129159065,0.8383384,0.14874567
0.02701586,0.7393079,0.23367625
0.025145749,0.84665775,0.12819648
0.064908296,0.11982346,0.8152682
0.015791312,0.9458762,0.038332533
0.011374051,0.7708471,0.21777889
0.0029524127,0.9452011,0.05184639
0.015629966,0.50404567,0.4803244
0.027185926,0.41878748,0.5540266
0.026390143,0.33168226,0.64192754
0.010163261,0.87622356,0.113613166
0.018855773,0.9444911,0.036653172
0.05414096,0.44011882,0.5057403
0.018245198,0.37206832,0.6096865
0.028903529,0.8070435,0.164053
0.022104708,0.6479701,0.32992515
0.019198855,0.5186102,0.462191
0.024504436,0.74635595,0.22913954
0.015962722,0.4641927,0.5198446
0.016938198,0.5467183,0.43634358
0.015173345,0.81616706,0.16865966
0.014621792,0.40417162,0.5812067
0.014740543,0.34450802,0.6407515
0.06725943,0.10031843,0.8324221
0.020554392,0.46493927,0.51450634
0.03900817,0.41796333,0.5430285
0.006413173,0.9335175,0.060069308
0.029489579,0.43160877,0.5389016
0.043123443,0.6823211,0.2745555
0.12729542,0.50593483,0.36676982
0.07660233,0.09157512,0.8318226
0.24135089,0.1474201,0.611229
0.005957994,0.9588262,0.035215933
0.036348972,0.22855523,0.73509586
0.0835772,0.3255418,0.59088105
0.011683844,0.89652926,0.09178694
0.022392834,0.758523,0.21908425
0.013182863,0.6846642,0.30215302
0.0454046,0.5764825,0.37811294
0.011449078,0.84550136,0.14304952
0.027205877,0.5848445,0.38794965
0.0054348917,0.7915821,0.20298299
0.02587824,0.522082,0.4520398
0.038798187,0.30692065,0.65428114
0.004145804,0.87544733,0.12040687
0.0076897833,0.6305105,0.3617998
0.01938503,0.8103219,0.17029299
0.013470074,0.70516646,0.28136346
0.0217673,0.5846507,0.39358202
0.01875146,0.6486304,0.33261815
0.011537198,0.81434745,0.17411527
0.0017334733,0.9035334,0.094733156
0.02666282,0.69101113,0.28232604
0.022559907,0.5371418,0.44029832
0.020940684,0.539922,0.43913734
0.027037537,0.6986083,0.2743542
0.01940993,0.8614756,0.11911451
0.009338869,0.9164198,0.07424136
0.018991012,0.8326996,0.14830944
0.016664587,0.83601284,0.1473225
0.045839477,0.25139272,0.7027678
0.01853824,0.5854746,0.39598706
0.05603139,0.18702465,0.75694394
0.023250096,0.2891659,0.6875839
0.0163672,0.32535365,0.6582792
0.0073466646,0.9443823,0.048271026
0.019960063,0.5686981,0.41134182
0.021531291,0.34975174,0.62871695
0.03268676,0.6402504,0.3270629
0.008529625,0.9031816,0.08828871
0.025949886,0.26110634,0.71294373
0.020620827,0.5848669,0.39451227
0.01638317,0.3259546,0.6576622
0.027787117,0.27747524,0.6947376
0.009353336,0.68014467,0.310502
0.02534439,0.8301506,0.144505
0.010935781,0.7560286,0.2330357
0.002084312,0.9903594,0.007556225
0.21848197,0.054521564,0.7269965
0.061008018,0.5428993,0.39609262
0.009970901,0.76845187,0.22157724
0.034494147,0.6436208,0.32188505
0.014240611,0.22893849,0.75682086
0.026232395,0.72049475,0.2532728
0.013247668,0.49048054,0.4962718
0.012702325,0.8306692,0.1566284
0.019770965,0.28876197,0.6914671
0.011918675,0.443725,0.5443564
0.012202276,0.49417716,0.49362054
0.05060014,0.45937023,0.49002966
0.017286884,0.61876863,0.36394447
0.01213184,0.840068,0.1478002
0.014974218,0.5596331,0.42539266
0.009733629,0.526137,0.46412933
0.017705556,0.43848163,0.5438129
0.022551764,0.6089498,0.36849847
0.012695292,0.91850936,0.068795435
0.0983186,0.36600968,0.5356718
0.0073841764,0.7434211,0.24919471
0.0026544672,0.9902654,0.007080091
0.009927654,0.88013756,0.10993476
0.054276094,0.5675841,0.37813988
0.042456485,0.39385688,0.5636866
0.014218914,0.69463634,0.29114476
0.013105371,0.906325,0.08056967
0.032481275,0.45207265,0.5154461
0.00784709,0.7198904,0.27226254
0.016029743,0.5495987,0.43437165
0.003802766,0.98802185,0.008175294
0.0057750987,0.97849107,0.015733853
0.028589807,0.107280485,0.86412966
0.0047094794,0.940411,0.054879546
0.023479756,0.44676203,0.52975816
0.03562842,0.23551254,0.72885907
0.002262507,0.9844328,0.013304755
0.078010306,0.75359595,0.16839372
0.022191146,0.29263428,0.6851746
0.32985204,0.42720753,0.24294046
0.015721789,0.46202797,0.5222503
0.040916234,0.38167605,0.5774077
0.033763483,0.25835076,0.7078858
0.1560765,0.35180286,0.49212065
0.002678908,0.7318725,0.2654486
0.03111751,0.36349803,0.6053844
0.013558119,0.89559144,0.09085046
0.038057223,0.5115419,0.45040083
0.010820582,0.876976,0.11220337
0.024569487,0.5962184,0.37921214
0.109032206,0.11670566,0.7742621
0.011798207,0.48507184,0.50313
0.018070554,0.60287106,0.3790585
0.014906475,0.9038183,0.08127522
0.009961632,0.75960404,0.2304344
0.013861865,0.39362335,0.59251475
0.016893214,0.6406086,0.3424982
0.02729615,0.6107716,0.36193237
0.010355921,0.48265424,0.5069899
0.0078879,0.83384603,0.15826605
0.025131015,0.5194804,0.45538855
0.016124614,0.9014226,0.08245282
0.02037233,0.645702,0.33392566
0.012388328,0.91107863,0.07653294
0.00969389,0.50660235,0.48370376
0.014640994,0.830263,0.15509604
0.026795324,0.4170742,0.5561304
0.010980455,0.96442366,0.024595868
0.052640636,0.5551511,0.39220825
0.016217342,0.55216235,0.4316203
0.04241092,0.33877516,0.61881393
0.092158884,0.16640523,0.7414359
0.011513642,0.91945547,0.06903086
0.06446497,0.26429203,0.671243
0.15599568,0.30288565,0.5411187
0.03409896,0.4522908,0.51361024
0.026564036,0.92266816,0.05076778
0.013441938,0.8633913,0.12316676
0.01413432,0.94775724,0.038108476
0.024809074,0.8450863,0.13010465
0.0025560353,0.53031224,0.46713173
0.037502978,0.29474333,0.66775364
0.0064489376,0.6655658,0.32798526
0.018985987,0.7147874,0.2662266
0.01228017,0.9091379,0.078581914
0.024366844,0.6875279,0.28810528
0.1109762,0.1906498,0.6983739
0.03458764,0.7245901,0.24082227
0.010833834,0.4260167,0.5631496
0.032400258,0.2506914,0.7169084
0.021668186,0.71531844,0.2630134
0.013898831,0.90041494,0.08568613
0.028874366,0.33147308,0.63965255
0.029858552,0.72424036,0.24590105
0.06553933,0.40923733,0.5252234
0.01029876,0.85703754,0.13266371
0.022660583,0.6648972,0.31244218
0.007936844,0.9340622,0.058000915
0.015439204,0.90107936,0.0834815
0.32505804,0.04057135,0.63437057
0.019056344,0.24687555,0.7340681
0.022773048,0.28553084,0.6916961
0.0042065918,0.97730106,0.018492373
0.0398024,0.1722493,0.7879483
0.010532308,0.63623863,0.3532291
0.002046856,0.3531105,0.6448426
0.0021651923,0.91924673,0.07858804
0.013340436,0.9165907,0.07006883
0.023902051,0.6788637,0.29723427
0.012802056,0.47395918,0.5132388
0.025080573,0.7481702,0.22674915
0.0028827635,0.97919923,0.017917981
0.013065505,0.8220496,0.16488487
0.025922691,0.49131453,0.48276275
0.011990866,0.4945887,0.49342045
0.01555271,0.27499837,0.70944893
0.007141694,0.5380038,0.45485452
0.021524817,0.36302438,0.6154508
0.011526152,0.8454414,0.14303257
0.014128945,0.7664483,0.2194228
0.09980449,0.11148525,0.78871024
0.021263478,0.8667697,0.11196686
0.015151829,0.53285813,0.45199004
0.016686145,0.27450398,0.7088099
0.033899024,0.38694036,0.57916063
0.014971122,0.59775054,0.38727838
0.022920022,0.84355253,0.1335275
0.008476606,0.9302843,0.061239045
0.01663221,0.4416567,0.54171103
0.016754724,0.6662549,0.31699035
0.029736543,0.5027401,0.46752346
0.017997134,0.5247061,0.4572967
0.018616335,0.5878311,0.39355263
0.009938436,0.9030179,0.087043695
0.03506305,0.45104966,0.5138872
0.0029700054,0.9373395,0.059690483
0.011072232,0.48157132,0.5073565
0.060413927,0.3333691,0.606217
0.012527955,0.29334873,0.6941233
0.021819388,0.3112053,0.66697526
0.024343159,0.28784087,0.687816
0.005713674,0.9602894,0.03399693
0.05465942,0.5266327,0.41870785
0.005021249,0.9536302,0.041348618
0.03010437,0.6232211,0.34667462
0.012733032,0.89618576,0.09108118
0.0122237755,0.6919755,0.29580075
0.02479252,0.51772135,0.45748606
0.057862647,0.22654557,0.7155918
0.042078003,0.20839627,0.7495257
0.016610552,0.29959682,0.68379265
0.006428057,0.8182414,0.17533052
0.0126318075,0.6839365,0.30343175
0.015886877,0.898083,0.086030215
0.011065053,0.88104033,0.10789467
0.020611232,0.8230109,0.15637787
0.004800438,0.6083759,0.3868237
0.035346974,0.5842611,0.3803919
0.038479816,0.7741193,0.18740077
0.007611922,0.19652638,0.79586166
0.049532413,0.1281768,0.82229084
0.011646444,0.8530982,0.13525528
0.057094675,0.26605767,0.67684764
0.0061607827,0.661997,0.3318422
0.13179164,0.065569766,0.8026386
0.011808588,0.354961,0.6332304
0.015595038,0.38199705,0.602408
0.011596941,0.88380677,0.10459628
0.016055828,0.7623566,0.22158758
0.02983597,0.51035285,0.45981115
0.025829537,0.6262197,0.34795076
0.007173421,0.207505,0.7853216
0.007649988,0.5961318,0.3962182
0.021478444,0.72151613,0.25700536
0.013057477,0.8825283,0.1044142
0.004454239,0.66316086,0.33238494
0.013969882,0.7869511,0.19907893
0.01663954,0.63313454,0.3502259
0.001649776,0.99358165,0.004768534
0.007690311,0.41496205,0.57734764
0.009217749,0.8261773,0.16460492
0.0013438234,0.99599177,0.0026644857
0.025089609,0.21961795,0.75529236
0.005808943,0.91720605,0.07698492
0.083069496,0.6662085,0.250722
0.012569723,0.6502969,0.33713332
0.014513761,0.7380848,0.24740148
0.016530477,0.9158292,0.06764035
0.03270859,0.19247249,0.7748189
0.026846956,0.46157497,0.511578
0.021811869,0.6828705,0.29531765
0.01881809,0.55870134,0.42248052
0.034261465,0.5004169,0.46532166
0.019518971,0.7561324,0.22434863
0.00650302,0.97066194,0.022835074
0.023430873,0.5166816,0.45988747
0.03976143,0.16014726,0.8000913
0.03134451,0.24795853,0.7206969
0.01720672,0.7705698,0.21222347
0.008106877,0.5372718,0.4546214
0.15703525,0.023509169,0.8194556
0.018522207,0.77042174,0.21105605
0.025833614,0.66882515,0.30534133
0.029178975,0.4101887,0.56063235
0.009662223,0.95787525,0.03246257
0.0483455,0.39819226,0.55346227
0.02646153,0.4786228,0.4949157
0.009212562,0.9077618,0.08302562
0.021053378,0.5042686,0.47467807
0.028253814,0.8416317,0.13011445
0.041096736,0.29425707,0.66464615
0.01230008,0.9326004,0.055099614
0.019185353,0.4745628,0.5062519
0.013604623,0.4622182,0.5241772
0.014779837,0.6631281,0.3220921
0.01810482,0.3250138,0.6568814
0.017308267,0.49137077,0.49132097
0.12776805,0.5440753,0.32815656
0.028009742,0.26811504,0.7038752
0.2700455,0.21722701,0.51272756
0.013070488,0.69557595,0.29135352
0.018926362,0.39278567,0.58828795
0.024474014,0.62934935,0.34617662
0.05171326,0.34849447,0.59979224
0.02003056,0.4321641,0.54780537
0.031265937,0.8299096,0.13882437
0.020730676,0.37732437,0.601945
0.013001547,0.325263,0.66173553
0.0066208863,0.64190716,0.35147208
0.013288015,0.5097792,0.47693276
0.01748735,0.682261,0.3002517
0.012212374,0.57772815,0.41005945
0.0019330847,0.966855,0.031211931
0.009434493,0.6203783,0.3701872
0.0059582214,0.6069743,0.3870675
0.01616792,0.8815393,0.10229275
0.03994862,0.42927402,0.5307774
0.04280552,0.68293166,0.27426285
0.035346773,0.5693097,0.39534345
0.07294408,0.16717567,0.75988024
0.015490471,0.8075013,0.17700827
0.010470357,0.6847441,0.30478555
0.0050826436,0.9783589,0.016558507
0.008855242,0.9259078,0.06523695
0.008707812,0.57339954,0.41789266
0.01362874,0.4934584,0.4929129
0.018906351,0.5859497,0.39514393
0.012084453,0.23989008,0.74802554
0.016405633,0.6571362,0.3264582
0.12991916,0.20990936,0.66017145
0.008592818,0.7610783,0.2303289
0.008258526,0.84753454,0.14420696
0.0036085516,0.9787139,0.017677529
0.01317259,0.70702887,0.27979863
0.02500023,0.3874655,0.5875343
0.0017310259,0.9919395,0.0063294633
0.004654028,0.8779468,0.11739924
0.006830856,0.84972435,0.14344487
0.0915886,0.37912056,0.5292908
0.012696761,0.39637873,0.5909245
0.015584486,0.76649094,0.21792457
0.0050735814,0.71576303,0.27916345
0.062117603,0.31561702,0.6222654
0.010006616,0.8457936,0.14419982
0.0043072314,0.76386946,0.23182331
0.033584263,0.1943554,0.7720603
0.0017489119,0.93396455,0.06428662
0.0040851603,0.73148483,0.26443008
0.009826432,0.90079504,0.089378566
0.021334613,0.6910597,0.2876057
0.012834862,0.68323493,0.30393016
0.014969942,0.61662054,0.36840954
0.013388579,0.46061635,0.5259951
0.018389469,0.727558,0.2540525
0.026573235,0.7761729,0.19725391
0.015399658,0.6626893,0.32191092
0.021273768,0.3207111,0.65801513
0.0092275655,0.30425638,0.6865161
0.014675495,0.8528802,0.13244426
0.30073553,0.3234913,0.37577322
0.024797194,0.8053304,0.16987251
0.021271428,0.36677995,0.61194855
0.028912492,0.3957434,0.5753441
0.011677847,0.52927333,0.45904878
0.010312975,0.9146677,0.075019285
0.01258499,0.3526521,0.63476294
0.03335163,0.804076,0.16257246
0.0074036866,0.48471656,0.5078798
0.012796816,0.9061348,0.08106841
0.008853669,0.91233456,0.07881176
0.011223049,0.6714992,0.31727785
0.035970554,0.63345534,0.3305741
0.01540746,0.6670378,0.3175547
0.043627996,0.18545096,0.77092105
0.05088305,0.7349463,0.21417071
0.016222673,0.48272943,0.5010479
0.010071976,0.73048675,0.25944132
0.011754806,0.78437907,0.20386608
0.010151187,0.7189101,0.27093872
0.014982728,0.33723512,0.64778215
0.016484456,0.88985455,0.093660995
0.01950804,0.9351323,0.0453597
0.07412295,0.5760413,0.3498358
0.031752177,0.60538,0.36286783
0.009885165,0.8583255,0.13178933
0.021075735,0.6823617,0.29656252
0.014562239,0.8013522,0.1840856
0.04467149,0.20665313,0.74867535
0.021217447,0.55806327,0.42071927
0.031042667,0.7102614,0.2586959
0.011124255,0.9031011,0.08577459
0.013499044,0.7890964,0.19740449
0.022733016,0.47692958,0.50033736
0.042112887,0.23285952,0.7250276
0.024327882,0.49847984,0.4771923
0.028206838,0.4327706,0.53902256
0.0077911154,0.92337656,0.06883238
0.022913972,0.9150035,0.06208257
0.008458413,0.9471642,0.044377413
0.02975653,0.33787584,0.63236773
0.013070903,0.81111884,0.17581023
0.022839256,0.93585455,0.041306145
0.020099567,0.8270631,0.15283729
0.009557531,0.70916104,0.28128144
0.025231835,0.5347152,0.44005308
0.018670453,0.75107473,0.23025478
0.008255636,0.9058872,0.08585718
0.0100946715,0.7261692,0.26373613
0.011752961,0.5393061,0.44894096
0.020037424,0.87902033,0.10094219
0.017846733,0.62227124,0.35988212
0.012314354,0.30533957,0.6823461
0.009735381,0.6734755,0.31678912
0.0054302486,0.97613835,0.018431377
0.008774251,0.47266954,0.5185562
0.015512411,0.7565205,0.22796713
0.039039508,0.43611005,0.5248505
0.0055098836,0.9676329,0.026857223
0.0095377,0.8205413,0.16992104
0.011587405,0.82418185,0.16423072
0.036122095,0.17237715,0.79150075
0.015826873,0.2741028,0.7100703
0.010246187,0.6944054,0.2953484
0.006306005,0.8579856,0.13570842
0.020572865,0.5812489,0.39817834
0.0051578833,0.73621726,0.25862482
0.069411054,0.2706502,0.65993875
0.011587604,0.87671727,0.111695044
0.012407729,0.3075781,0.68001425
0.014249781,0.96036714,0.025383087
0.034389805,0.23049024,0.73511994
0.01665189,0.7192454,0.2641027
0.019433474,0.63160425,0.3489623
0.008070796,0.955695,0.036234204
0.03035436,0.5758455,0.39380017
0.014518587,0.619196,0.36628538
0.011807633,0.9024379,0.08575439
0.0048370794,0.9194922,0.07567071
0.023935094,0.56614226,0.40992266
0.028102912,0.8152409,0.1566562
0.027070375,0.4520354,0.5208942
0.016490275,0.7241136,0.25939617
0.008539456,0.75557256,0.23588796
0.1156499,0.51234144,0.37200874
0.010031726,0.6748523,0.31511596
0.014221662,0.7149703,0.27080804
0.0054023582,0.90385765,0.09073991
0.022695363,0.602618,0.37468663
0.023844074,0.82633185,0.14982407
0.02117842,0.4587625,0.5200591
0.021619497,0.9022764,0.07610411
0.020910278,0.81671125,0.16237839
0.013954854,0.9112135,0.07483167
0.01374445,0.64829046,0.33796516
0.01477429,0.88460326,0.10062248
0.0062641315,0.5431745,0.45056134
0.008148193,0.86928195,0.12256993
0.014824807,0.631059,0.3541162
0.04610653,0.24888626,0.7050072
0.023975626,0.6675151,0.30850926
0.06290508,0.68738395,0.24971096
0.021200398,0.5340807,0.44471884
0.028071752,0.33826503,0.63366324
0.0036683069,0.90593576,0.09039599
0.033929486,0.5877622,0.3783083
0.053953156,0.45845854,0.48758832
0.017499484,0.4273447,0.55515575
0.012984073,0.4175979,0.569418
0.11445022,0.55444276,0.33110696
0.011608008,0.91963977,0.068752274
0.017830178,0.48084632,0.5013235
0.12744448,0.30573836,0.56681716
0.016159441,0.95752573,0.026314825
0.006548677,0.90414983,0.08930155
0.016955802,0.8126494,0.17039478
0.015274602,0.20314781,0.7815776
0.026587006,0.79893714,0.1744759
0.03770877,0.61905366,0.34323755
0.014660207,0.62006724,0.36527255
0.014271544,0.50626403,0.47946444
0.0048082415,0.98750395,0.0076878355
0.014955113,0.9002665,0.08477837
0.019420674,0.31903216,0.6615471
0.065947115,0.3922216,0.54183125
0.011727724,0.75226164,0.23601063
0.01566488,0.8432045,0.14113066
0.00660106,0.80889565,0.18450324
0.12048509,0.178837,0.7006779
0.02131586,0.5442305,0.43445364
0.021755744,0.3071046,0.6711397
0.004491591,0.8292057,0.1663027
0.027156929,0.6066077,0.3662353
0.115376465,0.14290316,0.7417204
0.018821847,0.86313564,0.118042566
0.003785138,0.8532939,0.14292093
0.020723049,0.5204324,0.45884445
0.014747431,0.6709025,0.31435007
0.008495904,0.76525915,0.22624497
0.014620806,0.4260504,0.5593288
0.007136273,0.9597696,0.033094134
0.012631803,0.29324707,0.69412106
0.03034385,0.71253026,0.25712588
0.047058214,0.245032,0.7079098
0.023218261,0.8169232,0.15985844
0.026026089,0.3618547,0.61211926
0.03169859,0.5130494,0.45525205
0.0042801234,0.93059754,0.06512237
0.005236332,0.8226731,0.17209053
0.20750882,0.13792905,0.6545622
0.0014944779,0.9930086,0.0054968577
0.268237,0.044940274,0.6868227
0.0048319823,0.4603922,0.53477573
0.010560259,0.8213303,0.16810936
0.016225006,0.6563728,0.32740226
0.018035688,0.81212825,0.16983603
0.013107585,0.76138985,0.2255026
0.023406908,0.691588,0.28500512
0.022633612,0.69995105,0.2774153
0.009702607,0.91774404,0.07255341
0.010392766,0.640463,0.34914422
0.015971746,0.42643026,0.55759794
0.009285221,0.87706,0.1136548
0.018989246,0.33354938,0.64746135
0.009685947,0.86122066,0.1290934
0.0076697622,0.9277175,0.06461271
0.005949625,0.8036622,0.19038817
0.015496197,0.25228828,0.7322155
0.015628455,0.78178734,0.2025842
0.00916541,0.64561665,0.34521794
0.018242558,0.3902299,0.5915275
0.01179819,0.4059789,0.5822229
0.19023214,0.1300694,0.6796984
0.056398675,0.2490058,0.6945955
0.012003519,0.6380822,0.34991428
0.0074302033,0.9531412,0.03942868
0.0015515549,0.99221605,0.006232432
0.018176183,0.23265043,0.74917334
0.10245773,0.19678012,0.70076215
0.017051375,0.48467103,0.4982776
0.0071782465,0.82931983,0.16350196
0.014648764,0.6302543,0.35509697
0.0031336418,0.60761255,0.3892537
0.008971138,0.60830355,0.38272527
0.058160614,0.114536785,0.8273026
0.037522558,0.78056216,0.18191533
0.015473514,0.60280365,0.38172287
0.027343368,0.26000187,0.71265477
0.013623176,0.83492947,0.15144739
0.01819456,0.71013904,0.2716664
0.013110464,0.5244203,0.4624692
0.014742463,0.5950799,0.39017758
0.053342275,0.44584596,0.5008118
0.050143912,0.29801276,0.6518433
0.018690968,0.533778,0.44753096
0.017784119,0.6641838,0.31803206
0.02824903,0.3359984,0.6357526
0.010787722,0.5472473,0.44196495
0.02885751,0.20444162,0.7667009
0.0100243455,0.8728448,0.11713091
0.018094448,0.77687985,0.20502566
0.0052994145,0.94344074,0.051259797
0.022878136,0.3863026,0.5908193
0.020532658,0.3370435,0.64242387
0.01907726,0.59750944,0.3834133
0.014831063,0.73836493,0.24680403
0.014720108,0.7893075,0.19597253
0.097180374,0.21546999,0.6873497
0.008170897,0.42587972,0.56594944
0.008812572,0.88583606,0.105351396
0.017579231,0.5732654,0.4091554
0.0030150437,0.9930137,0.0039713024
0.00273848,0.7637022,0.2335593
0.019706087,0.4414451,0.5388488
0.031319242,0.22635537,0.74232537
0.010024269,0.45997465,0.530001
0.017044025,0.35158938,0.6313666
0.018781906,0.30687872,0.6743394
0.010299373,0.96336347,0.026337162
0.009461355,0.3137628,0.6767758
0.011645076,0.8680145,0.120340355
0.03320822,0.3970608,0.56973094
0.011571376,0.43492565,0.5535029
0.04434729,0.77083665,0.18481614
0.014761213,0.7596955,0.22554335
0.006959789,0.9189726,0.07406756
0.026103077,0.39135715,0.5825398
0.0070695523,0.44455767,0.54837275
0.02078933,0.7278416,0.25136903
0.01830207,0.85093504,0.13076289
0.0062257103,0.9702908,0.023483597
0.053119194,0.42178527,0.5250955
0.0038146758,0.98271,0.013475317
0.01846686,0.52033526,0.46119788
0.06481071,0.70391446,0.2312748
0.011922988,0.70792806,0.28014892
0.00601355,0.9629919,0.03099454
0.03016945,0.5869847,0.38284588
0.01350017,0.7531859,0.23331396
0.012003952,0.7847135,0.20328245
0.0071297865,0.9215369,0.071333334
0.022622054,0.63826925,0.33910865
0.015897645,0.4708371,0.51326525
0.04315644,0.24917793,0.7076657
0.026420787,0.16088502,0.81269413
0.016385274,0.5075205,0.4760942
0.01269588,0.7757321,0.21157195
0.076804645,0.13517743,0.78801787
0.004123765,0.8677709,0.12810531
0.007295974,0.77178305,0.22092098
0.06118652,0.07874862,0.86006486
0.027933931,0.49328214,0.47878394
0.1042461,0.6223335,0.2734204
0.041819964,0.6985772,0.2596028
0.04209607,0.5985419,0.359362
0.024928473,0.51689035,0.45818117
0.0069467444,0.9730056,0.02004765
0.059318423,0.36474565,0.57593596
0.04898758,0.18612178,0.7648907
0.008464756,0.89090383,0.10063144
0.00824335,0.9627367,0.029019866
0.005840617,0.84261805,0.15154138
0.016049856,0.9374302,0.046519972
0.0067829015,0.95660454,0.036612514
0.021976933,0.5812854,0.39673758
0.01337113,0.55446935,0.43215945
0.014887886,0.48937562,0.49573642
0.016931025,0.43676302,0.54630595
0.0070167915,0.95708346,0.035899762
0.0119392965,0.80913323,0.1789275
0.026063109,0.6777909,0.29614612
0.019246964,0.6638708,0.31688222
0.06857778,0.3677959,0.56362635
0.009843104,0.7300348,0.26012212
0.0128860725,0.82150316,0.16561076
0.021970766,0.6733523,0.30467695
0.014517522,0.59158003,0.3939024
0.019065648,0.5230793,0.45785502
0.026434433,0.5431849,0.43038067
0.0140950205,0.8628904,0.12301456
0.03520434,0.3507609,0.6140348
0.010780805,0.68879795,0.30042127
0.014410593,0.92085856,0.06473083
0.10147573,0.05905323,0.839471
0.025282511,0.5926181,0.38209942
0.007947324,0.78707105,0.20498164
0.012040089,0.8238001,0.1641598
0.029234983,0.52357274,0.44719228
0.0077344235,0.93009347,0.062172007
0.010998148,0.85381675,0.13518508
0.02464283,0.8939162,0.081440985
0.02497061,0.5036177,0.47141168
0.013786729,0.91547525,0.07073799
0.014079967,0.4937689,0.49215114
0.043436557,0.08745275,0.8691107
0.018133324,0.7216881,0.26017863
0.008729889,0.40329644,0.58797365
0.011598689,0.5506997,0.43770164
0.025182074,0.6821477,0.29267022
