0.48854285,0.02583763,0.48561954
0.57710284,0.040022194,0.38287494
0.9245491,0.005872942,0.06957801
0.9565028,0.010417805,0.03307945
0.5566386,0.026928123,0.4164333
0.6139038,0.011549898,0.37454626
0.24106267,0.09664848,0.66228884
0.3429905,0.0111187715,0.6458907
0.6666359,0.009482652,0.32388142
0.70887583,0.06091103,0.23021303
0.40941596,0.032592755,0.5579913
0.4978992,0.020053323,0.48204753
0.4264442,0.014666263,0.55888945
0.27054244,0.017437253,0.7120203
0.55829626,0.029056994,0.4126467
0.8672183,0.013297885,0.1194838
0.7014561,0.015802778,0.28274107
0.8978867,0.009957545,0.09215576
0.7496815,0.011327378,0.2389912
0.83569777,0.01591239,0.14838989
0.15639676,0.4356308,0.40797237
0.8294036,0.013802374,0.156794
0.80891156,0.007543459,0.18354498
0.6350558,0.019507747,0.34543648
0.729402,0.01886642,0.25173163
0.46170247,0.032748237,0.50554925
0.8131368,0.017178472,0.16968474
0.6635702,0.028624121,0.3078056
0.4834858,0.017035969,0.49947828
0.5607958,0.015862966,0.42334118
0.8209752,0.015366567,0.16365826
0.7354427,0.031690832,0.23286642
0.8268206,0.023033185,0.15014617
0.86129177,0.014028665,0.124679565
0.88791394,0.011325573,0.10076045
0.6618528,0.02479932,0.3133479
0.37980714,0.022207726,0.5979851
0.919394,0.009504921,0.07110113
0.60923874,0.021932282,0.36882898
0.79020065,0.006046173,0.20375319
0.5789473,0.01562905,0.40542364
0.6050884,0.04464183,0.3502698
0.75891477,0.009037088,0.2320482
0.8604422,0.017968789,0.12158895
0.7430167,0.013571629,0.24341168
0.80385333,0.015458635,0.18068805
0.76066834,0.021430425,0.21790116
0.50942767,0.013150258,0.477422
0.7365792,0.011031473,0.25238934
0.7340894,0.021595096,0.24431555
0.42060557,0.018393558,0.5610009
0.4903263,0.043134704,0.46653894
0.83753324,0.017077789,0.14538898
0.67492014,0.018870277,0.30620965
0.5487675,0.040592223,0.4106402
0.4764925,0.032379966,0.49112755
0.50903684,0.02924523,0.46171802
0.36388752,0.024624651,0.6114878
0.62321764,0.04663427,0.330148
0.6565047,0.026038297,0.317457
0.5947569,0.03237363,0.37286955
0.9772676,0.0050575477,0.017674837
0.39184654,0.019352645,0.5888008
0.43269327,0.046775162,0.5205316
0.83035964,0.008377961,0.16126244
0.5755999,0.019825071,0.404575
0.8799872,0.006576067,0.11343683
0.800657,0.014288895,0.18505414
0.7206889,0.020416323,0.2588948
0.8860174,0.00957325,0.10440938
0.58628744,0.013798242,0.39991435
0.6324962,0.024374552,0.3431293
0.58456856,0.014037407,0.401394
0.49056137,0.02660424,0.48283446
0.71313053,0.0210778,0.26579162
0.66627306,0.014425681,0.31930125
0.702448,0.011540395,0.28601158
0.725439,0.012493062,0.262068
0.56776744,0.04252779,0.38970488
0.47294393,0.033980068,0.49307603
0.9067676,0.008787377,0.08444501
0.84213907,0.008742787,0.14911808
0.3914098,0.049070045,0.5595201
0.96186066,0.010391934,0.027747419
0.7431112,0.007442154,0.24944665
0.8361889,0.015310377,0.14850071
0.7364325,0.017515045,0.24605241
0.80863583,0.011514721,0.17984945
0.67076135,0.025625162,0.30361348
0.79658264,0.0108117135,0.19260564
0.7303505,0.016334325,0.25331512
0.37236875,0.042516194,0.5851151
0.67383784,0.0103562055,0.31580597
0.56922567,0.019648803,0.4111255
0.51500094,0.016108798,0.46889028
0.7795296,0.015141913,0.20532854
0.7107852,0.011749277,0.27746552
0.76058996,0.008275186,0.23113486
0.73597705,0.041229926,0.22279312
0.5628125,0.03794707,0.39924037
0.6418921,0.023040086,0.33506778
0.41621855,0.022674328,0.5611071
0.57072246,0.018522134,0.41075537
0.6828659,0.0307616,0.28637257
0.3215836,0.021484967,0.6569314
0.7605369,0.026438273,0.21302485
0.6318562,0.029419966,0.3387238
0.5556952,0.017765887,0.42653894
0.96410495,0.007761705,0.028133335
0.29683784,0.019056741,0.6841054
0.60417956,0.02143089,0.37438956
0.7170071,0.011584484,0.27140844
0.64996237,0.011992327,0.33804524
0.5206061,0.026427718,0.4529662
0.7813165,0.015594776,0.20308876
0.86602545,0.016734567,0.11724001
0.47703573,0.04324365,0.47972062
0.51089644,0.024779743,0.46432385
0.67072463,0.028322026,0.3009534
0.6919965,0.009846243,0.29815724
0.37996235,0.031857282,0.58818036
0.69704837,0.016739525,0.28621215
0.39024347,0.031609565,0.57814693
0.9229415,0.018778749,0.058279675
0.49856573,0.009755791,0.4916785
0.6877555,0.016463041,0.29578146
0.60333115,0.039546333,0.35712245
0.85009503,0.016676353,0.13322853
0.5108581,0.05722259,0.43191937
0.82174104,0.012768867,0.16549005
0.9093143,0.011498224,0.07918751
0.8670479,0.013624515,0.11932759
0.7614016,0.03365103,0.20494737
0.5552139,0.039859273,0.40492687
0.84347105,0.008597416,0.14793158
0.7402584,0.026117152,0.23362441
0.8016081,0.013964229,0.18442771
0.8981497,0.008300326,0.0935499
0.73550737,0.01767688,0.24681574
0.47502512,0.008959162,0.51601577
0.6837427,0.026865168,0.28939214
0.86911416,0.014298399,0.116587415
0.50620973,0.06467847,0.4291118
0.3777847,0.040170375,0.58204496
0.56335586,0.023570677,0.41307342
0.6157181,0.024170179,0.36011174
0.6834815,0.011472066,0.30504635
0.6954794,0.017617717,0.2869029
0.6380159,0.029356742,0.3326274
0.57709575,0.018614743,0.40428948
0.68311316,0.010679131,0.30620772
0.7889717,0.011808589,0.19921961
0.7488982,0.019402565,0.23169926
0.82616615,0.007308635,0.16652523
0.7718142,0.011227475,0.21695831
0.74930865,0.014680912,0.2360104
0.6105822,0.024860866,0.3645569
0.4581511,0.016094044,0.52575487
0.38618138,0.022191314,0.5916273
0.74542487,0.030325567,0.22424953
0.42746833,0.022485448,0.55004627
0.9083923,0.015657144,0.075950496
0.86749774,0.017903296,0.11459889
0.64555544,0.020021522,0.33442304
0.8907008,0.012866127,0.09643303
0.5661933,0.039676785,0.39412987
0.57405806,0.021742808,0.40419906
0.75419337,0.016279526,0.22952703
0.43945378,0.042257648,0.51828855
0.8759083,0.013726967,0.110364735
0.5056594,0.027899351,0.46644124
0.6657969,0.012553203,0.3216499
0.4910994,0.015785616,0.493115
0.83421636,0.021296136,0.14448752
0.7455662,0.017524896,0.23690899
0.6442118,0.013921903,0.34186625
0.3851302,0.049056433,0.56581336
0.73403186,0.013466311,0.2525018
0.8533701,0.017464178,0.12916578
0.48175117,0.0141464295,0.50410235
0.70401895,0.014670902,0.28131017
0.94216746,0.011194967,0.046637535
0.39993632,0.071444765,0.52861893
0.35272524,0.02218464,0.6250902
0.7196366,0.023787983,0.2565754
0.5893267,0.01870797,0.3919654
0.8135173,0.024664981,0.16181764
0.30274186,0.015543942,0.68171424
0.37540224,0.019745002,0.60485274
0.8066297,0.019531537,0.1738387
0.81495595,0.010620092,0.17442393
0.7358149,0.012166185,0.25201884
0.71765035,0.017743042,0.2646066
0.8186886,0.020554228,0.1607572
0.70861316,0.018031977,0.27335486
0.70623463,0.013540611,0.28022477
0.73750865,0.011388467,0.2511029
0.04788479,0.18359971,0.7685155
0.81557465,0.01035136,0.17407402
0.6924481,0.038831554,0.2687204
0.94291824,0.008730283,0.04835151
0.25681272,0.054234818,0.68895245
0.7597011,0.0074051046,0.23289378
0.66182,0.030584535,0.30759552
0.9508356,0.017795382,0.031369075
0.30271167,0.051052656,0.6462357
0.925849,0.017432557,0.056718357
0.8954167,0.008275952,0.09630745
0.81639636,0.010706256,0.17289738
0.70133495,0.018959885,0.2797051
0.65190744,0.009924108,0.33816844
0.41926268,0.026371999,0.5543654
0.7582928,0.016739475,0.22496773
0.053624958,0.23273674,0.7136383
0.5823395,0.024296936,0.39336354
0.48369268,0.009963943,0.50634336
0.7980034,0.019937221,0.18205948
0.5522556,0.0195406,0.42820385
0.8534177,0.016502585,0.13007969
0.91181296,0.009796576,0.07839041
0.80939597,0.012309172,0.17829488
0.84919876,0.013834321,0.13696691
0.6097699,0.02118136,0.3690488
0.80591726,0.0050923564,0.18899044
0.4736403,0.009650842,0.5167089
0.7345913,0.020515196,0.24489349
0.7471684,0.015711647,0.23711991
0.74008256,0.009834608,0.25008282
0.7987155,0.016154857,0.18512975
0.5689908,0.048729345,0.38227978
0.96778977,0.007004534,0.025205659
0.5678679,0.020781253,0.41135088
0.7146895,0.0043735527,0.28093702
0.82650894,0.006650807,0.16684027
0.7774561,0.028249472,0.1942944
0.6684248,0.022524888,0.30905032
0.5959639,0.06668102,0.33735508
0.7712633,0.015613811,0.21312289
0.33938968,0.040876616,0.6197337
0.834155,0.01551221,0.15033281
0.8503734,0.015636636,0.13398997
0.51116455,0.016338645,0.47249678
0.606963,0.021270946,0.3717661
0.88883275,0.01521338,0.09595387
0.5975965,0.027455386,0.37494814
0.6577792,0.018186962,0.3240339
0.6535654,0.022749268,0.32368532
0.703506,0.026634911,0.26985908
0.807583,0.018239494,0.1741776
0.9507073,0.008512492,0.040780157
0.8571131,0.016310677,0.12657626
0.56478524,0.017473243,0.41774157
0.74052525,0.05724842,0.2022263
0.5154674,0.019097507,0.46543515
0.3890444,0.014590999,0.59636456
0.80975246,0.008130093,0.18211746
0.7210499,0.016291283,0.26265883
0.68544614,0.023249837,0.29130396
0.81470317,0.019372776,0.16592409
0.5326598,0.026021076,0.44131914
0.3582521,0.010940719,0.63080716
0.7961709,0.028982537,0.17484654
0.89584994,0.013317912,0.09083219
0.82867634,0.01439217,0.15693146
0.27839577,0.12437984,0.5972244
0.49877468,0.020623503,0.48060176
0.45985198,0.02058619,0.5195619
0.9437221,0.011367627,0.04491028
0.8611112,0.019193687,0.11969515
0.6381271,0.015516311,0.3463567
0.045307472,0.37751314,0.5771794
0.11957325,0.3793641,0.50106263
0.60702777,0.024939438,0.36803272
0.82298195,0.01266595,0.16435212
0.9587922,0.015080775,0.026127009
0.661264,0.04362293,0.2951131
0.8499746,0.020953227,0.12907213
0.47003773,0.033880673,0.49608156
0.43001524,0.022255076,0.5477297
0.29660922,0.073399946,0.6299909
0.9088732,0.015579965,0.07554686
0.82533437,0.013173507,0.16149206
0.23740469,0.09520996,0.66738534
0.6404577,0.0075454745,0.35199684
0.40347517,0.021745844,0.57477903
0.34619308,0.05085474,0.6029522
0.44970137,0.020236082,0.53006256
0.25601435,0.04048486,0.7035008
0.98372287,0.003793186,0.012483961
0.62578946,0.015457737,0.35875288
0.2223502,0.34757268,0.43007714
0.45996353,0.022893474,0.51714295
0.4593026,0.06510136,0.475596
0.84521735,0.008547773,0.14623483
0.7110123,0.012066269,0.27692145
0.70517653,0.030419048,0.26440436
0.9602358,0.00839665,0.03136759
0.85271746,0.02280961,0.124472834
0.73955107,0.036468815,0.2239801
0.773407,0.015411101,0.21118188
0.8396098,0.008421137,0.15196903
0.6156794,0.02619892,0.35812178
0.48926133,0.02094403,0.48979458
0.3977259,0.023391513,0.5788826
0.9017191,0.008100672,0.09018025
0.5891182,0.045083657,0.36579818
0.80237794,0.017687753,0.17993423
0.74846226,0.015158054,0.23637967
0.8313466,0.019308727,0.14934464
0.8997172,0.018550523,0.08173221
0.63295287,0.016079694,0.35096744
0.5412039,0.026168726,0.4326273
0.8308774,0.014320086,0.15480253
0.53103846,0.019589208,0.44937235
0.45041913,0.039054155,0.5105267
0.61177635,0.025224388,0.3629992
0.4030226,0.030387435,0.56659
0.92185056,0.009454042,0.068695396
0.78600603,0.013766763,0.2002272
0.7882949,0.021987846,0.18971725
0.6783158,0.08622473,0.23545949
0.50065494,0.055508107,0.443837
0.7170314,0.010212869,0.27275574
0.59328634,0.016096316,0.39061734
0.5079235,0.007658116,0.48441842
0.8044825,0.021774065,0.1737434
0.961192,0.011153297,0.02765476
0.83923376,0.015534238,0.14523202
0.64140373,0.01978872,0.33880752
0.915478,0.01832481,0.06619722
0.8343475,0.026245745,0.13940683
0.9024571,0.01869297,0.07884988
0.9125517,0.011997211,0.075451106
0.10707352,0.3644992,0.5284273
0.46563464,0.018099668,0.5162657
0.7220556,0.035325147,0.2426193
0.8459713,0.0154402,0.13858856
0.56149274,0.040231083,0.39827624
0.5922313,0.03443355,0.37333512
0.85454327,0.023033397,0.1224233
0.88545,0.010290891,0.104259096
0.5108188,0.013946734,0.4752345
0.7123286,0.032743633,0.2549278
0.856149,0.0104592,0.13339183
0.8779376,0.021080496,0.10098186
0.8320196,0.020218082,0.14776231
0.8112938,0.017684009,0.17102222
0.3339069,0.020341204,0.6457519
0.58193964,0.044523135,0.37353724
0.29035786,0.03111726,0.678525
0.4083927,0.027506262,0.56410104
0.7514825,0.024150636,0.22436698
0.8432967,0.02713398,0.12956937
0.8653013,0.01628057,0.118418105
0.81532055,0.016455647,0.16822378
0.5713676,0.0135660395,0.41506627
0.20472273,0.1361263,0.659151
0.8352046,0.01438348,0.15041196
0.68634313,0.0241163,0.2895405
0.36726427,0.02768862,0.6050471
0.7551937,0.022041209,0.22276507
0.8546196,0.015980117,0.12940034
0.5274721,0.047788456,0.4247395
0.6880354,0.018847326,0.29311723
0.62093663,0.03509735,0.343966
0.8980006,0.013181752,0.08881769
0.81875503,0.016999794,0.16424519
0.6301501,0.013040642,0.3568093
0.45857236,0.010120037,0.5313076
0.8410489,0.01577694,0.14317416
0.6349414,0.017837455,0.3472212
0.3303525,0.037371393,0.6322761
0.7973286,0.01761556,0.18505594
0.3131679,0.026948214,0.65988386
0.35004628,0.013479731,0.63647395
0.4998088,0.017883314,0.48230788
0.85073483,0.013567439,0.13569768
0.30261314,0.050618153,0.6467687
0.6428655,0.01908828,0.33804622
0.7850172,0.02145922,0.19352356
0.68166447,0.011451059,0.3068845
0.62553215,0.01550561,0.35896224
0.39684805,0.06010513,0.54304683
0.7732944,0.01717618,0.20952946
0.7073619,0.017597876,0.2750403
0.86756486,0.0068753934,0.12555975
0.60204226,0.015922057,0.38203573
0.5502368,0.024663635,0.42509955
0.7324313,0.0238417,0.24372707
0.7975673,0.01628637,0.18614627
0.62416667,0.027502371,0.34833103
0.76195616,0.016757704,0.22128607
0.6862439,0.008113884,0.30564222
0.9431117,0.010434223,0.046454076
0.580736,0.0074954475,0.41176856
0.7463967,0.043322183,0.21028107
0.7668935,0.013155903,0.21995062
0.45359096,0.04101878,0.50539035
0.83469063,0.009687651,0.15562169
0.08508686,0.1710062,0.743907
0.5131796,0.027083017,0.4597374
0.6481728,0.023674872,0.32815236
0.77088314,0.010451645,0.21866515
0.42818442,0.035558097,0.53625745
0.58697957,0.02237461,0.39064577
0.82501817,0.011523443,0.1634584
0.8902662,0.011683226,0.09805056
0.6053615,0.017615054,0.37702346
0.3788598,0.04254393,0.5785963
0.80017537,0.016777674,0.18304701
0.6124304,0.013498251,0.37407133
0.5582613,0.016045786,0.42569292
0.12403689,0.034900125,0.84106296
0.50895196,0.024305237,0.4667428
0.5676424,0.025998322,0.40635926
0.33318666,0.027931346,0.6388819
0.9333505,0.008524609,0.05812488
0.83839995,0.010501769,0.15109833
0.88801885,0.004578476,0.10740267
0.5526442,0.019929709,0.42742616
0.39828348,0.025095677,0.5766208
0.45253968,0.01464003,0.53282034
0.36195573,0.08889662,0.54914767
0.49428946,0.027812693,0.47789782
0.56288856,0.025225597,0.41188583
0.31000054,0.049371794,0.6406277
0.77738607,0.010455935,0.21215798
0.897326,0.011612294,0.09106168
0.92762053,0.017254507,0.055124957
0.869412,0.013630463,0.11695754
0.5632909,0.019177169,0.41753197
0.7899869,0.02117876,0.18883434
0.68096143,0.008189757,0.31084877
0.78329474,0.022125555,0.19457974
0.35191312,0.038414422,0.6096725
0.7386319,0.0153070185,0.24606109
0.95805347,0.014014934,0.027931577
0.40049168,0.13254984,0.46695852
0.327697,0.043212228,0.6290908
0.45412558,0.021132184,0.52474225
0.88632596,0.009211727,0.10446236
0.65066415,0.014373117,0.33496276
0.6194557,0.010149316,0.37039495
0.56425875,0.0149103515,0.4208309
0.82697713,0.0110942945,0.16192858
0.5405377,0.0216344,0.4378279
0.72970456,0.010855843,0.2594395
0.80837256,0.022529267,0.16909821
0.9175891,0.007908249,0.07450262
0.69562674,0.021629112,0.28274414
0.58696324,0.011350665,0.40168613
0.30052418,0.09418037,0.6052954
0.5681838,0.02112811,0.41068813
0.96628,0.009563627,0.024156421
0.7961216,0.014701181,0.18917729
0.58425826,0.012215364,0.4035264
0.8681133,0.011185093,0.12070158
0.8353112,0.010878574,0.15381026
0.48511273,0.012583675,0.50230354
0.78626776,0.011740778,0.2019915
0.5468031,0.026594939,0.42660198
0.59587187,0.027246876,0.37688124
0.88128805,0.012357701,0.10635428
0.5386754,0.02272756,0.43859708
0.5477914,0.020062454,0.43214613
0.7240956,0.017778987,0.2581254
0.5727114,0.038906485,0.38838217
0.88528216,0.014680601,0.10003722
0.7815889,0.008709933,0.20970112
0.46643323,0.025813969,0.50775284
0.52093464,0.056035962,0.42302936
0.8162778,0.014858741,0.16886346
0.2978879,0.05075466,0.6513575
0.4708117,0.026355062,0.5028333
0.79716957,0.012732685,0.19009778
0.78514856,0.020980777,0.19387068
0.94865596,0.013932695,0.037411306
0.626103,0.035119973,0.33877698
0.6559842,0.033189684,0.31082612
0.732765,0.019878784,0.24735619
0.6382387,0.017082473,0.34467888
0.59318495,0.052985534,0.3538295
0.8272946,0.019446263,0.15325922
0.8124579,0.022829954,0.16471203
0.61532205,0.018297674,0.36638027
0.6118011,0.02094916,0.3672497
0.60689884,0.021647183,0.37145403
0.7304068,0.017868953,0.2517242
0.075256795,0.3345598,0.59018344
0.7257239,0.022594238,0.25168177
0.8112913,0.0082750395,0.18043378
0.64679253,0.01145324,0.34175432
0.9055171,0.014033692,0.08044916
0.5255814,0.022539796,0.4518788
0.2967515,0.059127174,0.64412135
0.8128632,0.01363718,0.17349967
0.70879567,0.013902509,0.27730185
0.69899666,0.015089245,0.28591406
0.5016201,0.039653216,0.45872664
0.7629071,0.011746935,0.22534604
0.46629348,0.031930108,0.5017764
0.84902656,0.02729028,0.123683214
0.6750033,0.02142665,0.30357003
0.55945146,0.03101545,0.4095331
0.61678165,0.016565494,0.36665285
0.20221174,0.2347775,0.56301075
0.57476515,0.016526155,0.4087087
0.23607446,0.30861664,0.45530888
0.72079337,0.013413751,0.26579285
0.7879379,0.045843106,0.16621897
0.87152016,0.021308992,0.10717087
0.22050935,0.20617823,0.5733124
0.619173,0.02888305,0.35194397
0.5234104,0.04097674,0.4356129
0.4209754,0.030067509,0.5489571
0.5261265,0.013854909,0.46001855
0.5087116,0.03800415,0.4532843
0.8292334,0.02549572,0.14527087
0.39661995,0.20364717,0.3997329
0.76193464,0.0077368976,0.23032847
0.6235548,0.015261999,0.36118323
0.95971304,0.006751017,0.0335359
0.33077273,0.09220101,0.57702625
0.5896424,0.017079784,0.39327788
0.8187385,0.007981609,0.17327984
0.66073453,0.027807802,0.31145757
0.703488,0.0195659,0.2769461
0.8144788,0.0076801525,0.17784096
0.2675577,0.10760878,0.6248336
0.96382713,0.007697388,0.02847541
0.90128905,0.026443422,0.07226752
0.6275504,0.015152209,0.35729742
0.18426421,0.07168647,0.7440494
0.9457739,0.007547964,0.046678185
0.886818,0.0031667831,0.11001534
0.8403326,0.019639477,0.14002782
0.8401171,0.012934371,0.1469485
0.66402155,0.014399839,0.32157862
0.69619733,0.021852475,0.2819502
0.7353075,0.013511096,0.25118136
0.78610116,0.014609659,0.19928917
0.49622658,0.022146238,0.4816272
0.71608925,0.0067323754,0.2771784
0.8818097,0.017829131,0.10036113
0.7636795,0.019711953,0.21660852
0.75625896,0.01637228,0.22736883
0.8173718,0.012790791,0.1698374
0.60653317,0.029498912,0.36396793
0.7300323,0.015011166,0.25495654
0.39832217,0.027257597,0.5744202
0.7629012,0.0042429375,0.23285593
0.8550975,0.0194285,0.12547404
0.38080636,0.029200735,0.5899929
0.7474472,0.014858156,0.23769471
0.93539906,0.0130322,0.051568795
0.83151555,0.011982985,0.15650156
0.88302326,0.014441803,0.10253491
0.9091755,0.007949141,0.082875334
0.94621974,0.0140633015,0.039716933
0.8528941,0.010360657,0.13674515
0.6612899,0.016263211,0.32244697
0.57324344,0.026893752,0.39986286
0.6392556,0.013976626,0.34676784
0.26632214,0.046569653,0.68710816
0.8005986,0.008728448,0.190673
0.8427444,0.016272418,0.14098322
0.7430267,0.014284217,0.24268909
0.34312406,0.016977124,0.6398988
0.49297994,0.024339445,0.48268056
0.9042081,0.010358119,0.085433796
0.91983014,0.009654522,0.0705153
0.5395829,0.03344578,0.42697132
0.7155692,0.039490912,0.24493986
0.6629833,0.03741457,0.29960218
0.90343285,0.013734671,0.082832426
0.73715794,0.009866954,0.25297508
0.94813627,0.008329113,0.043534603
0.7064516,0.058159452,0.23538902
0.98283386,0.002978723,0.014187428
0.88769346,0.012398259,0.09990834
0.83299404,0.030531319,0.13647464
0.48870674,0.015990887,0.4953023
0.8171931,0.016651144,0.16615583
0.67087275,0.011366559,0.31776068
0.8947082,0.016353134,0.088938646
0.739987,0.025394045,0.234619
0.57492954,0.012849201,0.41222128
0.5862447,0.0151854,0.39856994
0.6640861,0.018428989,0.31748497
0.8564162,0.02065583,0.12292795
0.2808,0.021426281,0.6977737
0.9303493,0.007996375,0.06165431
0.64333004,0.021948962,0.33472103
0.42051372,0.013894741,0.5655916
0.49767956,0.013418479,0.48890194
0.79231584,0.01812301,0.18956117
0.5575039,0.030381342,0.41211474
0.8770867,0.01182388,0.11108937
0.85022104,0.010838576,0.13894035
0.4628913,0.032745123,0.50436354
0.95918566,0.008349272,0.03246503
0.8310766,0.009194522,0.15972887
0.74690646,0.015256359,0.23783723
0.8619089,0.019827642,0.1182635
0.60324216,0.010858918,0.38589892
0.8010463,0.016672835,0.1822809
0.9088687,0.015478685,0.07565259
0.35070357,0.04456028,0.6047362
0.357964,0.018103702,0.62393236
0.60215497,0.023751777,0.37409317
0.91342425,0.009096458,0.07747925
0.5831632,0.026863746,0.389973
0.8042677,0.018365653,0.17736664
0.7115972,0.019989923,0.26841283
0.92396337,0.013599818,0.062436845
0.93837774,0.011464829,0.05015735
0.39582586,0.01531663,0.5888575
0.8702273,0.0092535345,0.120519206
0.5420822,0.027675629,0.43024218
0.65523225,0.024357382,0.32041043
0.64705974,0.02390217,0.32903808
0.89112556,0.011206687,0.097667724
0.89959633,0.0117714,0.088632196
0.6618828,0.022610158,0.31550702
0.44027928,0.014314897,0.54540575
0.6113186,0.024365148,0.36431623
0.60412556,0.03244902,0.36342543
0.8363768,0.013399702,0.15022358
0.6368266,0.020200761,0.3429726
0.6740292,0.025556315,0.3004145
0.19741468,0.138046,0.66453934
0.9378817,0.011810203,0.050308127
0.61341274,0.022995936,0.36359137
0.72268337,0.02268188,0.25463474
0.65239173,0.019631103,0.32797724
0.25432235,0.035526246,0.7101514
0.30890048,0.15657188,0.5345276
0.9869156,0.0041703195,0.008914024
0.7598266,0.017504215,0.2226692
0.32318717,0.01608062,0.66073215
0.8172201,0.018286876,0.16449308
0.56827813,0.01597003,0.41575184
0.80157,0.024750587,0.1736795
0.73941535,0.027146084,0.23343854
0.88119113,0.010708355,0.10810048
0.87088627,0.007280921,0.12183283
0.8354035,0.016274251,0.14832224
0.91012377,0.0029971935,0.08687904
0.9382136,0.010122281,0.05166411
0.52254075,0.018346569,0.4591126
0.51225346,0.019274704,0.46847185
0.9080101,0.018044297,0.07394559
0.88524514,0.0122569,0.102497876
0.50423646,0.019924905,0.47583866
0.6593315,0.012668426,0.3280001
0.79493046,0.011014677,0.19405484
0.7423021,0.016825143,0.2408727
0.6943976,0.040384814,0.2652176
0.57517064,0.019273346,0.405556
0.53522843,0.018895919,0.44587564
0.94774055,0.010560771,0.041698664
0.95758355,0.007535139,0.034881398
0.78717613,0.023982834,0.18884099
0.77097774,0.028874308,0.20014793
0.89242417,0.013961332,0.09361446
0.5089904,0.017634235,0.47337532
0.8736192,0.016011255,0.11036956
0.46451283,0.021782683,0.51370454
0.7004803,0.0102551505,0.28926456
0.3661592,0.024397697,0.609443
0.835942,0.014568307,0.14948972
0.89599794,0.013026172,0.09097588
0.71805245,0.013909276,0.26803833
0.6342857,0.028433735,0.33728057
0.58883446,0.0142818885,0.3968836
0.6621983,0.028218005,0.30958366
0.83117896,0.012287871,0.15653317
0.8513311,0.01140966,0.13725924
0.6355867,0.016320534,0.3480927
0.3953583,0.027204823,0.57743686
0.8148426,0.010531826,0.17462558
0.69842404,0.021508932,0.28006697
0.5987528,0.04868682,0.35256037
0.4294499,0.019251533,0.5512985
0.93191195,0.007824789,0.060263306
0.81152874,0.012481954,0.17598931
0.64053845,0.019430146,0.3400314
0.6330214,0.015645646,0.35133296
0.8378231,0.01687074,0.14530617
0.2667645,0.19149268,0.54174286
0.85709673,0.01413135,0.12877195
0.52758735,0.015900118,0.4565126
0.67535263,0.018643029,0.30600426
0.5046656,0.018678453,0.47665593
0.6498753,0.028111676,0.32201314
0.4120553,0.07269706,0.5152476
0.3077575,0.019488988,0.6727535
0.6414712,0.02358754,0.33494124
0.47957566,0.024975618,0.49544874
0.8659754,0.009572063,0.12445251
0.40742463,0.02754559,0.56502974
0.70892036,0.022951918,0.26812762
0.7231722,0.014076376,0.26275146
0.91888666,0.008843671,0.07226971
0.497879,0.016074473,0.4860465
0.3054377,0.073688716,0.6208736
0.8822181,0.008446212,0.109335735
0.6746175,0.02419165,0.3011908
0.71986866,0.014959652,0.26517174
0.5279781,0.021780739,0.4502412
0.23793364,0.13065702,0.63140935
0.3855711,0.032226324,0.58220255
0.34605584,0.10599347,0.5479507
0.3806613,0.0068103215,0.6125284
0.794377,0.026444672,0.17917836
0.3517471,0.03748508,0.61076784
0.6464108,0.016732788,0.3368564
0.62246615,0.016246092,0.3612878
0.7260034,0.009947375,0.26404914
0.75041825,0.00998481,0.23959693
0.72000015,0.0186811,0.26131874
0.9203792,0.013347227,0.06627348
0.6051236,0.020932233,0.37394422
0.33768553,0.2181189,0.44419554
0.75311136,0.014213454,0.2326752
0.74731755,0.01067388,0.24200852
0.80640364,0.009257069,0.18433927
0.7762358,0.014278543,0.20948564
0.8533086,0.014897201,0.1317942
0.9610491,0.0081101,0.030840864
0.6599413,0.012764565,0.32729408
0.5792916,0.0073575717,0.41335082
0.7552265,0.018262347,0.22651121
0.48869625,0.015929291,0.49537447
0.9593483,0.008067744,0.032583956
0.6825748,0.013327015,0.30409822
0.89796495,0.0046690814,0.09736593
0.7457554,0.012379353,0.24186522
0.65603036,0.015594789,0.32837483
0.7799452,0.034043416,0.18601131
0.82681185,0.013528944,0.1596592
0.87834245,0.022865998,0.09879147
0.32821375,0.035804708,0.63598156
0.79641896,0.010379359,0.19320162
0.14350972,0.44990808,0.4065822
0.87292016,0.027579522,0.099500336
0.8467839,0.0140198385,0.13919617
0.79499894,0.019248445,0.18575259
0.76894367,0.022085931,0.20897037
0.6839696,0.013611326,0.30241907
0.49338147,0.029477473,0.4771411
0.8869399,0.016429488,0.09663067
0.5886959,0.020006325,0.3912978
0.32825685,0.04404657,0.6276965
0.8585804,0.012809389,0.12861013
0.6390395,0.011744519,0.34921598
0.5772333,0.016979741,0.40578693
0.88282496,0.01074406,0.106430985
0.30874428,0.019250868,0.6720048
0.4876259,0.034276456,0.47809762
0.53970087,0.034483153,0.425816
0.6233357,0.031178825,0.34548545
0.77848077,0.013755745,0.20776351
0.5014301,0.029371552,0.46919832
0.7013709,0.025441572,0.2731875
0.7904257,0.015227912,0.19434635
0.5500908,0.030915229,0.41899398
0.7627801,0.018187774,0.21903224
0.7739967,0.007911056,0.21809228
0.67188925,0.008294398,0.31981635
0.21925385,0.02339638,0.7573498
0.7270517,0.017222019,0.25572634
0.6502135,0.018646395,0.33114016
0.905937,0.006285214,0.08777768
0.72281355,0.024837524,0.252349
0.58765364,0.038036745,0.37430963
0.5626701,0.025912121,0.4114177
0.54804814,0.018916579,0.43303525
0.58456564,0.016591871,0.39884245
0.90776056,0.010562038,0.081677414
0.9048086,0.0059654783,0.08922591
0.6257824,0.013934737,0.36028293
0.5178862,0.012085029,0.47002867
0.68714696,0.018849844,0.29400322
0.9569873,0.007134935,0.035877835
0.26637933,0.017242843,0.7163778
0.6731997,0.022361176,0.30443907
0.71489155,0.017296862,0.26781163
0.8028412,0.022424027,0.17473476
0.9011109,0.012639339,0.08624977
0.8012908,0.012851275,0.18585795
0.20636514,0.035681736,0.7579531
0.55502605,0.023303242,0.4216707
0.5263766,0.041193195,0.43243018
0.6210163,0.078444146,0.30053952
0.8970784,0.014739954,0.08818163
0.65952986,0.01620617,0.32426396
0.5925188,0.027186083,0.38029513
0.8707759,0.00690141,0.1223227
0.6034715,0.018884365,0.37764403
0.637527,0.0118825035,0.35059056
0.7889283,0.021392081,0.18967968
0.8399929,0.015307352,0.14469983
0.57261175,0.025088577,0.40229967
0.94946945,0.009008301,0.04152225
0.7714006,0.028219808,0.20037958
0.8343119,0.014107351,0.1515807
0.8529995,0.01833083,0.1286696
0.5095855,0.029807968,0.46060655
0.9308498,0.0076822797,0.061467905
0.70838016,0.01258535,0.2790345
0.67099404,0.01872759,0.3102783
0.5787039,0.020697895,0.40059817
0.6069877,0.015309965,0.37770224
0.7580127,0.015693646,0.22629365
0.91195035,0.014775054,0.07327464
0.46963426,0.06051714,0.46984854
0.726865,0.023109911,0.2500251
0.50368416,0.010225063,0.4860908
0.57142836,0.025396936,0.4031747
0.13266285,0.28809422,0.57924294
0.5635738,0.039726764,0.39669943
0.9259062,0.009660819,0.06443298
0.7809868,0.010060129,0.20895313
0.89831936,0.025451554,0.076229
0.5162661,0.023120953,0.4606129
0.91532445,0.010189896,0.074485585
0.7104831,0.019662231,0.26985475
0.71426326,0.020779174,0.26495758
0.7232521,0.014451922,0.26229596
0.8274005,0.013049476,0.15955012
0.4425135,0.070352174,0.4871344
0.43450898,0.032016974,0.533474
0.7710368,0.017334798,0.2116285
0.43095398,0.14014415,0.42890185
0.47512788,0.0109819025,0.51389027
0.9262736,0.010468074,0.06325827
0.766057,0.015029868,0.21891303
0.10159824,0.017037384,0.8813644
0.6305851,0.033497162,0.33591774
0.9078232,0.01163581,0.08054093
0.8178618,0.008080651,0.17405754
0.63740927,0.016870016,0.3457207
0.6953273,0.016958896,0.2877138
0.8099484,0.010365761,0.17968582
0.7677207,0.022207035,0.21007231
0.7943377,0.02291051,0.1827517
0.60088944,0.018147105,0.38096344
0.76875806,0.028527979,0.202714
0.80052733,0.019487847,0.17998491
0.558167,0.014703076,0.42712995
0.7433201,0.023831006,0.2328489
0.40210748,0.027326621,0.57056594
0.76686114,0.023661088,0.20947778
0.5672186,0.01402457,0.41875687
0.64221096,0.01597272,0.3418164
0.4213548,0.02869827,0.54994696
0.6195782,0.020990383,0.3594314
0.8926298,0.009110716,0.098259486
0.78803766,0.019291386,0.19267093
0.48267257,0.014364633,0.50296277
0.72796905,0.030468697,0.24156225
0.75131744,0.01418745,0.2344951
0.87707394,0.011331285,0.111594796
0.92439985,0.013020552,0.06257963
0.6994194,0.020404678,0.28017598
0.42388776,0.018677775,0.5574345
0.6385606,0.01408322,0.3473561
0.79136467,0.016457748,0.19217758
0.9684709,0.01070539,0.020823717
0.68994856,0.03673929,0.27331206
0.39594853,0.016230443,0.587821
0.93373436,0.014012668,0.05225298
0.87271655,0.013765341,0.11351821
0.58125275,0.036303602,0.38244367
0.80223876,0.024112018,0.17364924
0.86566526,0.014581642,0.11975315
0.6685659,0.020034539,0.31139952
0.6591749,0.010145833,0.33067924
0.8168145,0.010482165,0.17270339
0.58347994,0.019243328,0.39727676
0.40146017,0.036867958,0.5616719
0.5268613,0.024092821,0.44904587
0.27721733,0.059530754,0.663252
0.72210485,0.022529038,0.25536618
0.76147515,0.0035250653,0.23499979
0.59870297,0.012836817,0.3884602
0.8866637,0.0112182265,0.10211813
0.76419145,0.013359956,0.22244857
0.61900055,0.0333606,0.34763882
0.8194776,0.009922595,0.17059982
0.81931555,0.00995615,0.17072827
0.6007673,0.014606716,0.38462597
0.69184774,0.03179461,0.27635762
0.7372802,0.021118073,0.24160172
0.63653827,0.019009657,0.34445208
0.66191983,0.017139561,0.32094064
0.49545172,0.03239604,0.4721522
0.5385346,0.028478507,0.4329869
0.52602273,0.02442959,0.44954765
0.66007614,0.021821212,0.31810263
0.67543715,0.014218367,0.31034452
0.8102948,0.013985052,0.17572005
0.3664267,0.09766183,0.53591144
0.7191837,0.010626544,0.27018976
0.3988899,0.02179205,0.57931805
0.546117,0.01644568,0.43743736
0.85319024,0.012523192,0.13428652
0.89735085,0.018638456,0.08401067
0.7947721,0.019499907,0.18572809
0.7477335,0.015503958,0.23676261
0.85423386,0.013570932,0.13219525
0.47009724,0.02471932,0.5051834
0.7852183,0.021261059,0.1935207
0.43273544,0.01840557,0.54885906
0.4171405,0.026467334,0.55639213
0.63755584,0.01750443,0.3449397
0.77507395,0.021114705,0.20381142
0.92459387,0.0075519914,0.067854166
0.27316388,0.033837244,0.6929988
0.82836336,0.01462646,0.15701017
0.6584383,0.022498947,0.31906277
0.6040995,0.03652297,0.3593775
0.41984418,0.017797716,0.5623581
0.6795019,0.018622,0.3018761
0.8548692,0.014122987,0.13100785
0.5688853,0.017147258,0.4139674
0.8688981,0.011956182,0.119145736
0.48316836,0.011372724,0.50545895
0.7236578,0.006789146,0.26955312
0.9037677,0.012376493,0.08385591
0.89716506,0.010680242,0.09215466
0.7366536,0.012561961,0.25078434
0.6253,0.02161683,0.35308325
0.89848006,0.025390463,0.076129414
0.55072343,0.016039824,0.4332368
0.76778483,0.0127724,0.21944277
0.78782845,0.013110635,0.19906096
0.485095,0.020971488,0.49393356
0.6520621,0.030658044,0.31727982
0.22110902,0.3149217,0.46396932
0.9067691,0.008866816,0.084364064
0.22288337,0.062415738,0.7147009
0.8869352,0.014420548,0.09864433
0.8523058,0.017522704,0.13017145
0.6427805,0.02621074,0.33100885
0.971124,0.00688831,0.021987725
0.64990705,0.032742675,0.31735024
0.51809317,0.01343832,0.46846855
0.008906748,0.88187873,0.109214485
0.023801727,0.34089023,0.635308
0.025344437,0.31242174,0.66223377
0.005923286,0.8951746,0.098902084
0.0045413193,0.9790475,0.016411204
0.016749922,0.9005796,0.08267052
0.020019151,0.69951046,0.2804703
0.006518251,0.86048347,0.13299823
0.034305993,0.3354046,0.63028944
0.012873552,0.8760592,0.11106732
0.006557011,0.64692765,0.34651533
0.02692939,0.5839645,0.38910615
0.054897964,0.27883497,0.6662671
0.016116487,0.81527144,0.16861212
0.011060949,0.6872971,0.301642
0.027318778,0.37701,0.5956713
0.013503685,0.61862624,0.36786997
0.0058158673,0.75985134,0.23433287
0.11965231,0.20247632,0.67787135
0.049993787,0.48222974,0.46777645
0.060543586,0.21468171,0.72477466
0.0061503644,0.8584534,0.13539626
0.0070323898,0.6880159,0.3049518
0.0068215965,0.8451715,0.14800683
0.011559505,0.4968849,0.49155563
0.042601608,0.3589909,0.5984074
0.014613579,0.72483,0.2605565
0.03800871,0.7174257,0.2445655
0.009531503,0.6162123,0.37425613
0.036635302,0.3811883,0.5821764
0.006690751,0.7093161,0.2839932
0.012452403,0.569774,0.41777363
0.018212538,0.5512835,0.430504
0.010048715,0.7797675,0.21018377
0.029177152,0.66665685,0.30416596
0.011974877,0.50053376,0.4874914
0.0069160205,0.6001788,0.39290524
0.013666095,0.5587901,0.42754382
0.014484912,0.7365659,0.24894924
0.023024172,0.70885617,0.2681197
0.09422995,0.22220397,0.6835661
0.036458682,0.60952795,0.35401344
0.06663441,0.34024405,0.5931215
0.027940482,0.5948614,0.37719807
0.015374848,0.4577271,0.526898
0.014803603,0.7526893,0.23250711
0.015413842,0.6728844,0.31170166
0.015152588,0.7803705,0.2044769
0.0059579685,0.90411705,0.08992495
0.038319223,0.39306697,0.5686138
0.15619808,0.1572883,0.68651366
0.017779998,0.49347353,0.48874643
0.013014425,0.48456848,0.5024171
0.3145409,0.07269077,0.6127683
0.005949143,0.9196958,0.074355036
0.011967663,0.81249475,0.17553757
0.012956287,0.85978293,0.12726083
0.0062303944,0.940444,0.053325575
0.010622878,0.5038871,0.48549002
0.03371384,0.67423505,0.29205114
0.009101609,0.74543417,0.24546419
0.035011355,0.57555264,0.38943598
0.09424262,0.43341076,0.47234663
0.015745234,0.74214137,0.24211344
0.005690624,0.56001663,0.43429273
0.016445229,0.41395366,0.56960106
0.08952464,0.24110632,0.669369
0.025058245,0.5876848,0.38725698
0.21560065,0.25663614,0.52776325
0.010078261,0.68173194,0.30818978
0.016701728,0.43869716,0.5446011
0.02483353,0.4822548,0.49291158
0.014706943,0.58674157,0.39855155
0.0056472216,0.86338204,0.13097073
0.039358195,0.281152,0.6794898
0.015282522,0.35255522,0.63216233
0.007623208,0.7040848,0.28829202
0.021345558,0.72787136,0.25078315
0.003954225,0.9802388,0.015806988
0.05939991,0.17403504,0.76656497
0.009049895,0.9426354,0.048314635
0.032221753,0.4278049,0.53997344
0.009982145,0.6568978,0.33312014
0.008716131,0.71970344,0.27158043
0.0344952,0.5504206,0.41508424
0.01393594,0.6000385,0.38602552
0.012517717,0.63765424,0.349828
0.033163603,0.27776253,0.68907386
0.0075104586,0.96194446,0.030545037
0.0146053,0.6541351,0.33125964
0.007868029,0.81608915,0.17604278
0.016819935,0.67097753,0.31220257
0.0117195165,0.78159624,0.20668429
0.055656847,0.27135366,0.6729895
0.009696681,0.7452628,0.24504048
0.017356545,0.52266705,0.45997635
0.014901374,0.7143858,0.27071285
0.008079883,0.82109624,0.17082395
0.058113847,0.28602955,0.6558566
0.009690758,0.8450302,0.14527902
0.013556998,0.55481356,0.43162945
0.051760975,0.4424251,0.50581396
0.016105749,0.35602868,0.62786555
0.031383213,0.79702467,0.17159218
0.008596424,0.82779646,0.1636071
0.009803921,0.8629866,0.12720951
0.0022261185,0.98818845,0.009585485
0.009456134,0.95264065,0.037903264
0.018879386,0.7667194,0.21440113
0.009564278,0.5803338,0.41010195
0.008188237,0.8421507,0.14966115
0.022305612,0.39539564,0.5822988
0.020142967,0.52646405,0.45339295
0.10739635,0.30079502,0.5918086
0.008833239,0.7901884,0.20097846
0.018952742,0.51842844,0.46261886
0.013269299,0.6693958,0.31733486
0.009509193,0.54491764,0.44557324
0.013417998,0.77895963,0.20762233
0.016909719,0.7311449,0.25194544
0.011478372,0.6765946,0.31192705
0.024516586,0.57181495,0.40366846
0.036098737,0.58862007,0.37528118
0.0075076316,0.8856666,0.10682572
0.014480354,0.67269266,0.312827
0.00856863,0.8417327,0.14969863
0.083473764,0.17699951,0.7395267
0.020694992,0.36764035,0.61166465
0.012112786,0.87858534,0.1093019
0.013049749,0.8026281,0.1843222
0.0043153754,0.73604316,0.25964144
0.017771108,0.73979837,0.24243048
0.02014242,0.52165675,0.4582008
0.013174183,0.63654846,0.35027736
0.00964357,0.76214206,0.22821443
0.02201674,0.7125061,0.26547706
0.012789992,0.5458008,0.44140923
0.012155583,0.5243374,0.46350697
0.0066357385,0.5860871,0.40727714
0.0061997892,0.9263795,0.06742068
0.008562784,0.858715,0.13272223
0.014624774,0.9444261,0.040949065
0.0029564116,0.78431267,0.21273093
0.0052963477,0.78475493,0.20994876
0.0139569305,0.87585646,0.11018658
0.015814034,0.48191482,0.5022712
0.018263152,0.8584599,0.12327698
0.015531584,0.48118666,0.5032818
0.018803969,0.8894412,0.09175486
0.012576566,0.49235684,0.4950667
0.011855817,0.78914136,0.19900283
0.016597243,0.53192323,0.45147958
0.040011235,0.61672205,0.34326667
0.012278337,0.86634266,0.12137904
0.012373129,0.546397,0.44122985
0.0093303975,0.80720806,0.18346144
0.0148878675,0.5823485,0.40276355
0.026668834,0.50510603,0.46822512
0.018496417,0.8292458,0.15225782
0.016226195,0.7719895,0.21178435
0.08053396,0.39026994,0.52919614
0.0040496835,0.77451193,0.22143841
0.016742973,0.80366945,0.17958753
0.0077873333,0.9557109,0.03650177
0.015265124,0.7587772,0.22595772
0.01383191,0.7422989,0.2438692
0.33615965,0.15882662,0.5050137
0.015799029,0.4449236,0.5392774
0.010041722,0.8536282,0.13633001
0.022906847,0.53609824,0.44099495
0.009212354,0.9229023,0.06788527
0.06333501,0.628266,0.308399
0.027165182,0.3090009,0.6638339
0.010098145,0.8873018,0.1026
0.19484913,0.18111305,0.6240378
0.04369561,0.27011442,0.68619
0.045314107,0.30201262,0.6526733
0.017234765,0.66741306,0.31535214
0.010535925,0.7043799,0.28508413
0.0051887385,0.89631057,0.09850065
0.032737907,0.47887444,0.48838767
0.003464768,0.943662,0.052873198
0.010356222,0.76240623,0.22723743
0.008526549,0.7408729,0.25060046
0.003671227,0.7907743,0.20555446
0.0074786306,0.68416315,0.30835822
0.009184147,0.9570718,0.033744086
0.019159801,0.52290946,0.45793068
0.0139344605,0.5290128,0.4570528
0.007980242,0.6048222,0.38719764
0.0060758567,0.76438105,0.22954313
0.006476841,0.9423789,0.051144287
0.00927274,0.812503,0.17822425
0.012174472,0.75358117,0.23424432
0.008790109,0.6159578,0.37525207
0.009177996,0.80033815,0.19048388
0.07230601,0.12721843,0.8004756
0.31330824,0.0750957,0.611596
0.01109985,0.22537878,0.7635213
0.025703467,0.32486326,0.6494332
0.0163687,0.39832148,0.5853098
0.012864429,0.5669966,0.42013896
0.034547996,0.5639666,0.40148547
0.014771819,0.38989517,0.59533304
0.008631473,0.9506735,0.040695053
0.027924737,0.6547651,0.31731012
0.004146032,0.88304436,0.11280961
0.011285722,0.49325475,0.4954595
0.013898825,0.7761789,0.20992225
0.009613643,0.6180817,0.37230474
0.09518594,0.17010812,0.7347059
0.014897605,0.90606683,0.07903558
0.012170878,0.67448056,0.31334856
0.081555165,0.5016141,0.4168307
0.017750673,0.5370836,0.44516572
0.01158987,0.88407815,0.10433199
0.012868861,0.60331595,0.3838152
0.008429224,0.8594008,0.13216992
0.09617113,0.18886296,0.71496594
0.005990777,0.6949537,0.29905552
0.016292457,0.48095396,0.5027536
0.2685126,0.053136148,0.6783512
0.021596383,0.48827767,0.49012598
0.01795993,0.7217054,0.26033467
0.026184265,0.7944082,0.17940752
0.0135174235,0.6382149,0.3482678
0.11613121,0.060889736,0.82297903
0.008490979,0.95838106,0.03312794
0.0065253847,0.9170405,0.076434076
0.01688548,0.3315138,0.6516007
0.020616734,0.43053555,0.5488477
0.019323997,0.4383894,0.5422866
0.015109217,0.7316967,0.25319406
0.06935734,0.30724123,0.6234014
0.011921075,0.63544255,0.35263634
0.010514005,0.5650744,0.42441168
0.054162107,0.32090327,0.62493455
0.0193325,0.6755178,0.30514967
0.016943475,0.6549904,0.3280661
0.016704934,0.84905154,0.13424352
0.009928612,0.2171779,0.7728935
0.025998937,0.49944648,0.47455463
0.23770216,0.20887725,0.5534206
0.012271711,0.71978563,0.2679426
0.014360886,0.5499898,0.43564934
0.0129910605,0.8378917,0.14911722
0.019620024,0.7767577,0.20362224
0.008432629,0.6770066,0.31456083
0.018232556,0.61107713,0.37069035
0.009073138,0.61158127,0.37934548
0.020737493,0.52225465,0.45700777
0.058857065,0.043703333,0.89743954
0.012565913,0.59640604,0.39102802
0.0177417,0.69564086,0.2866174
0.0075516305,0.9737074,0.018740986
0.02021176,0.5940969,0.3856913
0.026974842,0.6503602,0.32266492
0.01493924,0.7551413,0.22991945
0.010129291,0.770981,0.21888973
0.016700976,0.84521246,0.13808653
0.013631005,0.6782604,0.3081086
0.0065017827,0.6297004,0.36379787
0.0060915947,0.7644945,0.22941394
0.00887831,0.59989494,0.39122668
0.008649424,0.90022856,0.091122046
0.0037058017,0.8995533,0.096740834
0.013745152,0.6226397,0.3636151
0.016103202,0.5605129,0.42338386
0.013056888,0.79199094,0.19495213
0.035573144,0.57613385,0.388293
0.030368648,0.46320042,0.506431
0.10062671,0.3507776,0.5485957
0.019115089,0.4859385,0.49494645
0.02197841,0.76058686,0.21743478
0.03707729,0.30161637,0.66130626
0.026215548,0.49845323,0.47533125
0.18326911,0.3732337,0.4434972
0.018606877,0.64739144,0.33400172
0.09477039,0.3107706,0.594459
0.010097021,0.862625,0.12727797
0.021658774,0.6382065,0.34013477
0.05108936,0.6453711,0.30353966
0.0100252,0.88586533,0.104109384
0.036995888,0.32344905,0.639555
0.014777347,0.6408794,0.34434327
0.01744885,0.62135863,0.36119252
0.0069671446,0.8902458,0.1027871
0.088425964,0.22103296,0.6905411
0.007711213,0.80332655,0.18896228
0.008575112,0.847291,0.1441339
0.019470837,0.9557391,0.024790114
0.011186482,0.45007965,0.53873384
0.066833414,0.12984915,0.8033174
0.007864447,0.6651255,0.32701007
0.029101413,0.47619224,0.4947063
0.009012545,0.84191275,0.14907473
0.0107483035,0.48892403,0.5003277
0.01497252,0.70577013,0.27925736
0.019474257,0.5313687,0.44915703
0.1550379,0.33439025,0.5105718
0.13236156,0.37750494,0.49013346
0.007752246,0.74024326,0.25200456
0.014188542,0.49785134,0.48796013
0.023574047,0.25344652,0.7229795
0.012653144,0.8330255,0.15432128
0.009913335,0.87328833,0.1167983
0.015890785,0.58788675,0.3962224
0.009623426,0.8060636,0.18431294
0.008332229,0.7784021,0.21326569
0.02810347,0.5372273,0.4346693
0.029764075,0.18970083,0.7805351
0.00814975,0.6860219,0.30582836
0.095479995,0.30868387,0.5958361
0.05938229,0.5215413,0.41907647
0.010748917,0.6712102,0.31804088
0.0083982255,0.8831543,0.10844755
0.014722434,0.69614726,0.28913033
0.025214663,0.434113,0.5406724
0.012616042,0.69697523,0.2904087
0.011636321,0.5691815,0.41918227
0.085197166,0.6642788,0.250524
0.011049999,0.8766185,0.112331465
0.009335303,0.8609365,0.12972824
0.01389107,0.67650527,0.30960366
0.025610603,0.6068372,0.36755222
0.016168695,0.72308624,0.26074508
0.021533193,0.22341174,0.7550551
0.017139928,0.71502155,0.2678385
0.006865784,0.82669884,0.16643542
0.065605566,0.3334802,0.60091424
0.036171373,0.3592654,0.6045632
0.008619401,0.4151976,0.57618296
0.04052882,0.3584961,0.60097504
0.008693928,0.89816904,0.093137085
0.039053824,0.34836313,0.61258304
0.026596254,0.4715937,0.5018101
0.010220204,0.41476005,0.5750198
0.015929718,0.7992724,0.18479784
0.013075164,0.49246597,0.4944589
0.008306434,0.8898586,0.10183496
0.01720834,0.53891015,0.4438815
0.0043643927,0.9797728,0.015862763
0.007060065,0.84317124,0.14976865
0.024368225,0.7331756,0.24245621
0.020403283,0.7994389,0.1801579
0.022487013,0.4646688,0.5128442
0.0056900443,0.8268642,0.16744575
0.0057385047,0.8506858,0.14357582
0.017235823,0.2981678,0.68459636
0.02867634,0.3668536,0.6044701
0.10788874,0.2682716,0.6238397
0.019023823,0.65408,0.32689625
0.074942805,0.40896243,0.51609474
0.010191968,0.56276596,0.42704207
0.016867546,0.6577265,0.3254059
0.050621174,0.46024573,0.48913315
0.043444056,0.38712883,0.56942713
0.03729178,0.6679087,0.29479945
0.012681788,0.5133497,0.47396842
0.009911553,0.65798575,0.3321026
0.011631407,0.7714507,0.21691786
0.021605913,0.428844,0.54955006
0.008049671,0.5457245,0.4462257
0.036620017,0.47242144,0.49095854
0.015959106,0.4614469,0.522594
0.023493445,0.5452691,0.43123755
0.011525302,0.7252604,0.26321435
0.0077988016,0.627208,0.36499318
0.017928146,0.3822839,0.59978795
0.014121599,0.5844413,0.40143704
0.010442758,0.5844481,0.40510914
0.011332182,0.59645545,0.3922124
0.009929087,0.60559016,0.3844808
0.032547586,0.63370943,0.33374304
0.016882932,0.6823472,0.30076995
0.2318609,0.17644565,0.5916934
0.012912989,0.7397644,0.24732257
0.013457621,0.7866691,0.19987324
0.004292702,0.891917,0.10379035
0.017580355,0.48174438,0.5006752
0.09912102,0.21323977,0.6876392
0.0054172343,0.95156115,0.04302166
0.016922522,0.52780014,0.45527732
0.019184705,0.759526,0.22128929
0.003839037,0.89876413,0.09739677
0.01424729,0.8641959,0.12155678
0.016944252,0.4543973,0.5286585
0.011359938,0.70628625,0.28235373
0.013196659,0.6661316,0.3206717
0.06555919,0.21105486,0.723386
0.023640957,0.7064391,0.26992002
0.010890071,0.7441875,0.24492241
0.009800907,0.74679726,0.24340186
0.00947058,0.5570744,0.433455
0.008899449,0.57136256,0.41973796
0.024065508,0.3312326,0.6447019
0.014665137,0.6505087,0.33482605
0.030011876,0.41517973,0.5548084
0.0119836,0.87287045,0.11514588
0.005802886,0.90374684,0.09045026
0.009924404,0.5478073,0.44226837
0.03456061,0.41812262,0.5473168
0.007782458,0.85562766,0.13658981
0.008100956,0.57659537,0.41530368
0.019295912,0.61447823,0.36622584
0.006530447,0.9793205,0.014149013
0.011048924,0.8614173,0.12753378
0.036244206,0.46952057,0.49423516
0.011424635,0.7954275,0.19314785
0.007503494,0.7987562,0.19374035
0.022137795,0.7577916,0.22007065
0.013218559,0.5972533,0.3895281
0.008996235,0.76784897,0.22315481
0.014424828,0.5978298,0.38774532
0.09353283,0.42202693,0.48444018
0.007234306,0.8006995,0.19206625
0.011705608,0.9234672,0.06482709
0.022536868,0.60351515,0.37394798
0.014713682,0.6229776,0.36230868
0.037378017,0.6335157,0.3291063
0.0057005323,0.7943946,0.19990486
0.011485828,0.852259,0.13625517
0.016512658,0.56107014,0.42241716
0.016520962,0.65407544,0.32940352
0.03956454,0.28481457,0.6756209
0.010546546,0.8591696,0.13028389
0.015398899,0.66501236,0.31958872
0.005756861,0.9625137,0.03172947
0.007905807,0.92559516,0.06649903
0.014896552,0.5628735,0.42222998
0.025139382,0.25337788,0.72148275
0.011630056,0.53281355,0.45555642
0.0064119957,0.9550917,0.038496234
0.012365823,0.7384513,0.24918292
0.11189685,0.17775504,0.7103481
0.027173271,0.8172329,0.15559387
0.039244674,0.3781,0.5826554
0.021360753,0.42901096,0.54962826
0.013889644,0.6239314,0.36217895
0.014360295,0.40169466,0.5839451
0.015828757,0.5501427,0.43402848
0.010594945,0.8360536,0.15335153
0.003590841,0.7087225,0.28768665
0.027110962,0.27963597,0.6932531
0.0069610355,0.9525403,0.040498693
0.007106771,0.8560316,0.13686167
0.00853096,0.9178853,0.073583744
0.09481578,0.7105342,0.19464995
0.022454811,0.3883544,0.58919084
0.06723432,0.15006803,0.7826977
0.00379478,0.96276546,0.033439774
0.0099199535,0.81827456,0.17180549
0.05341214,0.40431154,0.54227626
0.0126630515,0.8911495,0.096187435
0.04986971,0.482879,0.46725124
0.016288994,0.5525768,0.43113425
0.010531702,0.91245824,0.07701009
0.0128044635,0.6759431,0.31125242
0.006995524,0.76907116,0.22393334
0.013142211,0.42401254,0.56284523
0.02141566,0.5089325,0.46965185
0.013482499,0.7605237,0.22599384
0.047164038,0.20668533,0.7461506
0.015228514,0.60973895,0.3750325
0.009953324,0.76015013,0.22989647
0.009752429,0.63542664,0.35482085
0.036549162,0.32104197,0.64240885
0.032646086,0.57382065,0.39353326
0.010305709,0.7058126,0.28388163
0.008752608,0.60779595,0.38345134
0.011870271,0.7488018,0.23932797
0.017441178,0.74125487,0.24130388
0.013325871,0.6281837,0.35849053
0.024667464,0.4674641,0.50786847
0.011204531,0.79407984,0.19471559
0.009778671,0.703778,0.28644332
0.009867368,0.71255815,0.27757448
0.41394237,0.25357687,0.33248076
0.015953304,0.83006024,0.15398647
0.01836629,0.50314975,0.47848395
0.011258391,0.72256666,0.2661749
0.00780261,0.8715359,0.12066147
0.021811074,0.36981726,0.6083717
0.017391596,0.8109558,0.17165262
0.004968909,0.87182003,0.123211026
0.0077974643,0.67044467,0.32175785
0.012514585,0.9057542,0.08173127
0.022858376,0.49332297,0.4838187
0.041704103,0.44114888,0.517147
0.014009885,0.74661744,0.23937267
0.06628977,0.2966283,0.6370819
0.030559108,0.42637867,0.5430622
0.007221195,0.932249,0.06052977
0.010643465,0.92147195,0.06788459
0.024818184,0.5501169,0.42506486
0.03687526,0.5024,0.46072477
0.031223696,0.5233233,0.44545296
0.029985087,0.2676109,0.702404
0.0040329346,0.89093024,0.10503687
0.019412318,0.3941989,0.5863888
0.014732202,0.855792,0.12947583
0.012854135,0.27774584,0.70940006
0.0044096517,0.8170541,0.17853628
0.0055509633,0.8807442,0.11370481
0.053581487,0.557562,0.3888566
0.011861995,0.78150386,0.20663409
0.010135606,0.20197138,0.787893
0.018862419,0.759142,0.22199553
0.022105746,0.75713193,0.22076224
0.008825251,0.7661598,0.22501503
0.018383348,0.61303973,0.3685769
0.012106131,0.8079795,0.17991441
0.013588784,0.53855073,0.44786054
0.007279693,0.9264952,0.06622515
0.015255105,0.6202533,0.3644916
0.0051877,0.5104463,0.48436597
0.27899277,0.2274918,0.49351546
0.010735303,0.86709064,0.12217399
0.0080559235,0.8107857,0.18115833
0.012666555,0.7079797,0.27935374
0.035811216,0.5452735,0.41891533
0.026225833,0.64143145,0.3323427
0.013244962,0.6457829,0.34097213
0.015881836,0.84834373,0.1357744
0.06012402,0.2672771,0.67259884
0.03171319,0.4690704,0.49921647
0.0018238655,0.9868802,0.011296
0.019962296,0.7907675,0.18927014
0.023895761,0.49424395,0.48186028
0.034598455,0.6307694,0.33463216
0.01820019,0.72987103,0.25192878
0.011786369,0.6960494,0.29216424
0.008341235,0.5079007,0.483758
0.06477187,0.3820832,0.55314493
0.010954125,0.41621152,0.5728344
0.018385973,0.73816776,0.24344625
0.011894977,0.9495123,0.038592752
0.0073853694,0.90003586,0.0925787
0.025780149,0.6164814,0.35773838
0.11796756,0.2703028,0.6117296
0.010823924,0.54213715,0.447039
0.015623767,0.46460342,0.5197728
0.014025771,0.4548783,0.531096
0.029471703,0.39468044,0.5758479
0.013828621,0.46957713,0.51659423
0.0070392573,0.9487681,0.044192687
0.020115845,0.47312525,0.50675887
0.008494233,0.77277833,0.21872738
0.011677723,0.8573732,0.13094908
0.12284127,0.23578939,0.64136934
0.0076294052,0.6602713,0.33209935
0.15371437,0.043991055,0.8022946
0.01573878,0.75863504,0.22562613
0.021734042,0.58731437,0.3909515
0.0105387205,0.7722774,0.21718387
0.018747265,0.47486567,0.50638705
0.011473446,0.80794096,0.18058561
0.009440706,0.62883055,0.36172876
0.026991248,0.546043,0.42696577
0.02225025,0.3509075,0.62684226
0.01945584,0.33382148,0.64672273
0.010846499,0.8739278,0.11522567
0.024454305,0.3883375,0.58720815
0.029002275,0.5639134,0.40708438
0.02064916,0.46002495,0.5193259
0.022691997,0.8888819,0.08842615
0.008742745,0.8876707,0.10358655
0.012168679,0.6702135,0.3176178
0.0069871005,0.9389341,0.054078836
0.015564313,0.38164434,0.60279137
0.009347265,0.540106,0.45054668
0.0112240035,0.90009886,0.08867718
0.029782837,0.37461948,0.5955977
0.034306485,0.4420856,0.5236079
0.007960591,0.9801286,0.01191085
0.028690234,0.5548692,0.41644058
0.02267646,0.46423176,0.51309174
0.018209524,0.25498906,0.7268014
0.08481942,0.16189313,0.75328743
0.014322967,0.3130131,0.6726639
0.021422943,0.471227,0.50735
0.009968949,0.87376446,0.11626659
0.00974329,0.8699705,0.12028614
0.06612664,0.6151079,0.31876543
0.008189602,0.89147836,0.10033211
0.013344715,0.9256724,0.06098289
0.11878309,0.16191459,0.7193023
0.01569067,0.9108259,0.07348352
0.006115624,0.71769494,0.27618948
0.005352586,0.91067064,0.0839768
0.007823993,0.58704895,0.40512696
0.045298796,0.3915888,0.5631124
0.024522215,0.48983663,0.48564118
0.021979587,0.6270081,0.35101238
0.013255889,0.8975437,0.08920035
0.016261438,0.57153004,0.41220853
0.015174643,0.4316589,0.55316645
0.01524731,0.78557885,0.19917384
0.010503814,0.60618085,0.38331532
0.008274429,0.8026952,0.18903045
0.02018639,0.66595685,0.3138568
0.02508895,0.49169353,0.48321754
0.01869804,0.67629516,0.3050069
0.011106634,0.78254336,0.20635007
0.02284494,0.4527454,0.52440965
0.020692237,0.4078879,0.57141984
0.054330353,0.13362624,0.81204337
0.018155968,0.46942848,0.5124155
0.033552293,0.48561677,0.48083094
0.006174474,0.9213413,0.072484255
0.021690128,0.57948256,0.39882734
0.055002518,0.69147325,0.2535242
0.29636097,0.3343483,0.36929077
0.075217806,0.23897025,0.685812
0.028894354,0.4534276,0.5176781
0.0076112743,0.91945004,0.07293858
0.040986154,0.4136596,0.54535425
0.014317842,0.59562176,0.3900604
0.020390172,0.80418515,0.1754247
0.011429656,0.80528885,0.18328145
0.008378119,0.5833245,0.40829742
0.12423815,0.15074359,0.72501826
0.021051139,0.6758959,0.30305287
0.032719888,0.52170706,0.445573
0.012049543,0.73584294,0.25210747
0.009709192,0.6967441,0.29354668
0.014622127,0.71336675,0.27201113
0.007901236,0.80861294,0.18348579
0.008001301,0.72981954,0.2621791
0.008297351,0.9457067,0.045995876
0.016080284,0.620976,0.36294365
0.015816117,0.5809387,0.40324524
0.11331352,0.45543748,0.43124905
0.0061537046,0.6144322,0.37941408
0.0034481038,0.785918,0.21063387
0.023476642,0.5104643,0.46605903
0.07378519,0.512911,0.41330382
0.011756109,0.7834081,0.20483574
0.008770072,0.7709664,0.2202635
0.011776174,0.7943462,0.19387762
0.010079757,0.7804321,0.20948811
0.032168675,0.7213716,0.24645975
0.010775685,0.85691315,0.13231112
0.0899491,0.2638527,0.6461982
0.011382872,0.79535353,0.19326368
0.081400044,0.21116519,0.7074348
0.11814913,0.20248514,0.6793657
0.019724047,0.38886854,0.59140736
0.005534183,0.9068035,0.087662295
0.022295149,0.65652895,0.32117593
0.007851984,0.6775318,0.3146162
0.008713728,0.8910761,0.10021019
0.017570239,0.7334043,0.24902545
0.018417925,0.5751873,0.40639472
0.010067437,0.51786625,0.47206634
0.026403388,0.47634885,0.49724773
0.032970246,0.42149895,0.5455308
0.0132610565,0.54233354,0.44440544
0.006212356,0.8338293,0.15995838
0.009849673,0.68892294,0.30122733
0.0050824825,0.97114086,0.023776684
0.42915088,0.14093043,0.42991865
0.33580396,0.11215897,0.5520371
0.0154409455,0.7325707,0.25198832
0.071173415,0.69383276,0.23499383
0.051004324,0.06432424,0.8846714
0.016022936,0.75496066,0.2290164
0.014066619,0.6298925,0.35604084
0.0073613743,0.893097,0.09954168
0.009817711,0.37146991,0.6187124
0.015547805,0.48290643,0.5015457
0.015884623,0.5506732,0.4334423
0.012063616,0.7510853,0.2368511
0.0117457155,0.7982803,0.189974
0.013474753,0.79364353,0.19288173
0.031795487,0.47676152,0.491443
0.020023165,0.4142382,0.5657386
0.014195078,0.5591063,0.42669868
0.017395187,0.75838184,0.22422294
0.005913239,0.9421363,0.051950585
0.15059593,0.25895604,0.590448
0.016753674,0.69365335,0.28959304
0.004077335,0.9807097,0.015212999
0.0075452803,0.78351957,0.20893516
0.013528094,0.7890213,0.1974506
0.013810719,0.5896341,0.39655522
0.021112766,0.65559894,0.32328832
0.010898247,0.91095793,0.0781438
0.0048592854,0.81765795,0.17748274
0.009478104,0.7770011,0.21352078
0.012941515,0.6653683,0.3216901
0.010642351,0.92628497,0.06307267
0.00279306,0.98011655,0.017090404
0.010626217,0.6424198,0.34695402
0.009884225,0.7575659,0.23254985
0.012574214,0.33171627,0.65570945
0.04215156,0.25467023,0.7031782
0.0033241294,0.9562384,0.04043743
0.12541802,0.41362184,0.4609601
0.019114973,0.2871302,0.6937548
0.6120665,0.03823211,0.34970137
0.011732739,0.44295293,0.5453144
0.019637182,0.81543213,0.16493064
0.02233188,0.34482804,0.6328401
0.16613384,0.3310844,0.50278175
0.0072452724,0.5277202,0.46503457
0.014217439,0.58009416,0.40568843
0.016275587,0.8409794,0.14274503
0.022369694,0.8081391,0.16949123
0.012974207,0.81082845,0.1761973
0.0114081325,0.5825168,0.4060751
0.042354897,0.23650712,0.72113806
0.02897676,0.3396201,0.6314032
0.010244406,0.5828918,0.4068638
0.008131407,0.8115023,0.18036638
0.007963542,0.83236074,0.15967578
0.01860763,0.4093159,0.57207644
0.012212957,0.71330684,0.27448028
0.025154628,0.7575083,0.21733709
0.021664618,0.43540218,0.54293317
0.012462243,0.7419571,0.2455806
0.015177845,0.5886271,0.39619502
0.01374604,0.88605267,0.10020132
0.016125139,0.58837235,0.39550257
0.007829425,0.9472612,0.04490928
0.10289453,0.38789278,0.5092126
0.018473268,0.7161117,0.26541495
0.08187239,0.30976757,0.60836
0.015329543,0.9164593,0.068211116
0.014813989,0.8402026,0.14498344
0.023603514,0.41223353,0.56416297
0.012143714,0.57277,0.41508636
0.04765871,0.29841354,0.6539277
0.008480315,0.8965459,0.09497378
0.02954929,0.5411295,0.42932126
0.059338834,0.22994788,0.7107132
0.014324056,0.6241866,0.3614894
0.0077398876,0.8750508,0.117209256
0.006880677,0.8621579,0.13096155
0.007438464,0.9612649,0.031296577
0.113644995,0.7803343,0.10602067
0.02536968,0.48903322,0.48559707
0.017273016,0.67707485,0.30565208
0.012935848,0.5057931,0.481271
0.029481685,0.70547473,0.2650436
0.007204014,0.921585,0.07121095
0.043183047,0.5228519,0.43396515
0.049371876,0.50293994,0.4476881
0.014424991,0.7030899,0.28248507
0.062034532,0.20860866,0.72935677
0.020561676,0.45737305,0.5220652
0.010220326,0.7344126,0.255367
0.012847533,0.7979787,0.1891738
0.014680377,0.5918938,0.39342582
0.018927138,0.79104495,0.19002785
0.021569666,0.54616475,0.43226558
0.012735383,0.8745742,0.11269047
0.062901966,0.48859468,0.4485033
0.004350092,0.95362294,0.04202693
0.010434077,0.89820164,0.09136432
0.6055942,0.029136129,0.36526963
0.014074448,0.41201958,0.57390594
0.010761873,0.5944382,0.39479998
0.006691049,0.8718463,0.12146264
0.043141115,0.18343544,0.77342343
0.01631638,0.5041165,0.4795671
0.016066574,0.1963603,0.7875731
0.0024764,0.8499935,0.14753011
0.022785285,0.7218262,0.25538853
0.009051899,0.7063389,0.28460914
0.01680421,0.4593297,0.5238661
0.0140628,0.80818623,0.17775092
0.0040115924,0.9447823,0.05120618
0.007977473,0.7991914,0.19283116
0.025876302,0.59709674,0.37702695
0.015169342,0.561958,0.42287266
0.022573603,0.27420458,0.7032218
0.020351494,0.33603027,0.64361817
0.021462014,0.4196018,0.55893624
0.016572779,0.79657084,0.18685642
0.0047924463,0.830003,0.16520457
0.027866727,0.569525,0.4026082
0.012132096,0.85556257,0.13230528
0.010666217,0.49758074,0.49175316
0.020397805,0.39650849,0.5830937
0.052413665,0.350958,0.5966283
0.016308533,0.66661227,0.3170792
0.017380673,0.78411365,0.19850563
0.012248155,0.8650281,0.12272386
0.017948497,0.5362199,0.44583163
0.0056512416,0.75118965,0.24315907
0.023100909,0.50562805,0.47127104
0.035390846,0.33997867,0.62463045
0.01421535,0.57113683,0.41464782
0.01271485,0.90109223,0.08619295
0.009874871,0.49063355,0.4994916
0.0025627837,0.8962653,0.10117189
0.008640627,0.47479513,0.51656425
0.024331162,0.6587614,0.3169074
0.031512596,0.57065016,0.39783722
0.04532466,0.31376925,0.6409061
0.020460557,0.38537356,0.59416586
0.0053643933,0.816476,0.17815964
0.013905462,0.68895304,0.29714158
0.0041385996,0.91245526,0.08340612
0.01268947,0.6979532,0.28935724
0.0152504705,0.7956889,0.18906064
0.022597209,0.53418773,0.44321504
0.011061721,0.66547066,0.32346767
0.05587455,0.42101514,0.52311033
0.020630905,0.5120181,0.467351
0.004503519,0.61061925,0.3848772
0.018712431,0.8186434,0.16264409
0.021325642,0.63692546,0.34174883
0.0076932115,0.8805695,0.11173735
0.012276554,0.6333341,0.35438937
0.009524883,0.89459103,0.0958841
0.010331465,0.18852295,0.8011456
0.015097502,0.6034162,0.38148627
0.008622813,0.8933319,0.098045334
0.011085286,0.2887298,0.7001849
0.23904473,0.0881492,0.6728061
0.007585308,0.87901455,0.113400206
0.03149902,0.44047093,0.52803004
0.0135269975,0.5138382,0.47263473
0.12665401,0.16019595,0.71315
0.013659646,0.5655784,0.42076188
0.0103125945,0.56845963,0.4212278
0.016456911,0.7899998,0.19354327
0.10488687,0.44168305,0.4534301
0.020413399,0.5921723,0.38741425
0.023106826,0.47560164,0.5012915
0.02178716,0.22768432,0.7505285
0.0053773588,0.7655717,0.22905093
0.016600387,0.726799,0.25660065
0.012363275,0.9169893,0.0706474
0.008117698,0.5909563,0.40092605
0.010598529,0.8626554,0.126746
0.022743408,0.6375173,0.33973935
0.0066485666,0.9718033,0.021548228
0.020242572,0.46548212,0.5142753
0.0042070327,0.73687583,0.25891715
0.0049930075,0.9606852,0.034321856
0.015067635,0.49389693,0.4910354
0.023054635,0.6713389,0.30560637
0.023510432,0.6367765,0.33971304
0.012594365,0.6652903,0.3221153
0.00846692,0.7581198,0.23341319
0.0071451035,0.95576775,0.03708723
0.030193472,0.46285886,0.50694776
0.017285477,0.5331357,0.4495788
0.0348041,0.6968644,0.2683315
0.011079156,0.6752035,0.31371737
0.015588697,0.67347527,0.31093606
0.009870997,0.6625687,0.3275603
0.0022283099,0.9848028,0.012968874
0.0135489255,0.6747862,0.31166485
0.1829891,0.12517253,0.6918384
0.058799747,0.25828877,0.6829114
0.0114641925,0.8470193,0.1415165
0.03630815,0.50195885,0.46173298
0.3474538,0.032832764,0.6197134
0.012848743,0.7975745,0.18957673
0.0064843316,0.8365158,0.1569999
0.042714257,0.47062346,0.4866623
0.010927601,0.8993151,0.08975736
0.037909072,0.47252715,0.4895638
0.016452411,0.6503308,0.33321676
0.010573377,0.85562557,0.13380107
0.020676998,0.4788597,0.50046325
0.015376039,0.8992557,0.08536824
0.035048414,0.29975563,0.66519594
0.010070939,0.896987,0.092942156
0.028758528,0.5936464,0.37759513
0.030490702,0.30252433,0.666985
0.009939314,0.86375755,0.12630308
0.012719829,0.3026774,0.6846028
0.031827375,0.31174386,0.65642875
0.23973492,0.23159686,0.5286682
0.021827508,0.40679365,0.5713789
0.49810326,0.22883408,0.27306265
0.011220576,0.7247852,0.26399422
0.022718415,0.25850397,0.71877766
0.011070176,0.78604335,0.2028865
0.040607765,0.59691656,0.36247572
0.012710714,0.48025003,0.50703925
0.008797139,0.91950357,0.0716993
0.013815892,0.6097961,0.37638795
0.010761465,0.56263953,0.42659897
0.20188364,0.23974353,0.5583728
0.012721918,0.7192482,0.2680299
0.009633439,0.7163827,0.27398387
0.009840978,0.60895187,0.3812072
0.0017523173,0.88825995,0.109987706
0.0071617225,0.7215405,0.27129778
0.005379668,0.78530246,0.2093178
0.011939838,0.78372407,0.20433608
0.017420212,0.4533598,0.52922
0.06677885,0.42876542,0.5044557
0.016367937,0.63363874,0.34999326
0.01605938,0.5481771,0.4357635
0.011016769,0.7022645,0.28671885
0.010139756,0.83913517,0.15072513
0.003918265,0.969081,0.027000882
0.011476626,0.8163398,0.17218368
0.012070243,0.5860182,0.40191156
0.029926954,0.47777557,0.4922974
0.023947405,0.5889831,0.38706943
0.023212109,0.23051797,0.7462699
0.010762701,0.5213577,0.46787962
0.16928066,0.16746789,0.66325146
0.0073087593,0.72420204,0.26848924
0.005013214,0.95654744,0.038439453
0.002171991,0.9399216,0.05790628
0.009558364,0.7333161,0.2571255
0.043416407,0.37818092,0.5784027
0.0060015465,0.9588858,0.035112754
0.003084742,0.84916705,0.14774825
0.018766236,0.6437328,0.33750102
0.024278611,0.5547033,0.4210181
0.014578332,0.43378773,0.5516339
0.009525087,0.78020316,0.21027175
0.011293843,0.71332544,0.27538073
0.04641615,0.65557176,0.29801202
0.013577663,0.8568926,0.12952985
0.0106242,0.74755967,0.2418161
0.027991075,0.3528622,0.6191467
0.005724951,0.85404575,0.14022928
0.00635028,0.6727123,0.32093734
0.013373918,0.88048345,0.106142655
0.018706487,0.72463447,0.2566591
0.004257385,0.7298509,0.26589176
0.010281259,0.5322726,0.45744622
0.02094751,0.6642486,0.31480396
0.00978945,0.6031065,0.38710412
0.01702085,0.82353705,0.15944207
0.023126913,0.6223851,0.35448802
0.020184604,0.42875484,0.55106056
0.016357629,0.46493894,0.5187034
0.013642976,0.7167602,0.26959682
0.0800726,0.5469559,0.37297145
0.020416414,0.6361076,0.34347594
0.013664724,0.56354594,0.42278928
0.041345574,0.3215961,0.6370584
0.038175836,0.5186872,0.44313696
0.016192634,0.92757344,0.0562339
0.017454991,0.3924731,0.590072
0.01588106,0.6520174,0.33210158
0.016116193,0.49831885,0.48556498
0.008265576,0.93619055,0.05554381
0.006892029,0.9610301,0.032077882
0.016141105,0.4851934,0.49866545
0.024146043,0.72920823,0.24664578
0.013802505,0.7577585,0.228439
0.014517152,0.49297276,0.49251005
0.07189144,0.63928205,0.28882647
0.010914735,0.6788886,0.31019658
0.010469964,0.7489407,0.24058932
0.019233268,0.60178196,0.37898475
0.041725434,0.6387033,0.31957123
0.030484868,0.4730495,0.49646568
0.016262751,0.898485,0.0852523
0.002873275,0.83678466,0.1603421
0.014252538,0.7955757,0.19017176
0.031485472,0.5548127,0.41370177
0.014054504,0.7849529,0.20099258
0.01142981,0.70580804,0.28276208
0.027288351,0.6067575,0.3659542
0.02197649,0.5314547,0.44656882
0.0118146,0.75309956,0.23508589
0.025776839,0.7609272,0.21329597
0.0074172122,0.8981202,0.09446255
0.010268923,0.8176114,0.17211965
0.0070798616,0.77815497,0.2147651
0.035555035,0.43255833,0.5318866
0.009439302,0.68663347,0.30392718
0.027548544,0.5579916,0.41445988
0.004807489,0.8764265,0.118765965
0.0155027,0.9305462,0.053951178
0.0061254967,0.9291839,0.06469058
0.04965647,0.22889096,0.72145253
0.017210003,0.67435014,0.30843985
0.018151078,0.8642779,0.11757096
0.01515989,0.71295995,0.27188012
0.017313547,0.6952679,0.28741857
0.012326074,0.5281151,0.45955884
0.016774347,0.6623576,0.3208681
0.010059541,0.7814836,0.2084569
0.013815781,0.6024697,0.38371453
0.017667094,0.424186,0.55814683
0.01696172,0.8368303,0.14620799
0.010254666,0.6955231,0.29422227
0.017974956,0.4235116,0.5585134
0.016428877,0.4161193,0.5674518
0.0066282265,0.9622603,0.031111473
0.015510959,0.4479733,0.5365157
0.017917285,0.8256235,0.1564592
0.02342396,0.56847316,0.4081029
0.004264034,0.9358585,0.05987748
0.005328627,0.8724438,0.12222766
0.010348377,0.8494203,0.14023136
0.0362192,0.32782507,0.6359557
0.027268583,0.28913823,0.68359315
0.011464235,0.8466663,0.14186949
0.0063069803,0.81580496,0.17788815
0.01159207,0.65375286,0.33465514
0.007497219,0.65643215,0.33607063
0.056232415,0.37009725,0.5736703
0.012670248,0.8147275,0.17260216
0.011944017,0.3402779,0.64777803
0.0095970305,0.9528146,0.0375883
0.011850617,0.503273,0.48487645
0.025599258,0.6295796,0.34482118
0.011518611,0.6713648,0.3171166
0.009631995,0.93495315,0.055414956
0.522452,0.09285467,0.38469335
0.01895515,0.6456891,0.3353557
0.009974865,0.9068479,0.083177306
0.009979075,0.8506691,0.13935173
0.007724355,0.6545942,0.3376815
0.018700972,0.7895668,0.19173221
0.021739187,0.5083412,0.46991968
0.029024439,0.57721245,0.3937631
0.014467882,0.84496033,0.14057182
0.27535683,0.27996093,0.44468227
0.013788765,0.6654427,0.32076854
0.011912552,0.6715986,0.31648883
0.0058814227,0.89722735,0.09689126
0.054158363,0.50944734,0.43639427
0.03136032,0.82270366,0.14593603
0.0339707,0.40827063,0.5577587
0.0119629195,0.79772884,0.19030823
0.098270714,0.33730274,0.56442654
0.015474173,0.85881054,0.12571527
0.009572631,0.6808866,0.3095407
0.01847688,0.8032932,0.1782299
0.013198177,0.44150868,0.54529315
0.010200909,0.83074427,0.15905479
0.022480248,0.7498163,0.22770348
0.05380211,0.36506996,0.5811279
0.033566773,0.46800393,0.4984293
0.15822746,0.3881308,0.4536418
0.026530955,0.41521147,0.5582576
0.038024534,0.3154552,0.6465203
0.0044963844,0.81882715,0.17667647
0.014529859,0.74164706,0.24382314
0.0764009,0.3855876,0.53801155
0.018476658,0.5892941,0.39222926
0.03539471,0.6315334,0.33307192
0.03308444,0.39402437,0.5728912
0.009020996,0.9220209,0.06895804
0.02303539,0.5332259,0.44373876
0.09810385,0.5223903,0.37950584
0.0044961427,0.9815704,0.01393331
0.015607636,0.8162245,0.1681678
0.020816466,0.66817117,0.3110123
0.0144214695,0.5267483,0.45883024
0.010356717,0.8202884,0.16935493
0.015242458,0.8306979,0.15405974
0.008273125,0.67936254,0.3123643
0.021613326,0.46094978,0.51743686
0.0031138714,0.97483903,0.022047082
0.0076188277,0.9242771,0.068104096
0.027391374,0.48297423,0.48963436
0.01104075,0.6650882,0.32387117
0.005877096,0.76394325,0.23017967
0.016531058,0.64157504,0.34189394
0.0043231705,0.7268299,0.26884705
0.050931737,0.48332527,0.465743
0.019766688,0.4639556,0.5162777
0.01644091,0.34306902,0.64049
0.011212308,0.7022019,0.28658578
0.045459334,0.59589195,0.35864872
0.24726011,0.25906336,0.49367654
0.011172776,0.7988476,0.18997955
0.0063713724,0.8000513,0.19357738
0.035737917,0.33343944,0.6308226
0.009359454,0.71131504,0.2793255
0.011249588,0.65987206,0.32887828
0.024553424,0.6491962,0.32625043
0.006693872,0.9245,0.06880611
0.022264956,0.35728526,0.6204498
0.020572381,0.66449183,0.31493577
0.028107552,0.5719844,0.39990804
0.0085817175,0.92328393,0.068134315
0.011006018,0.46550682,0.5234872
0.016618522,0.50581986,0.47756156
0.007961986,0.84014773,0.1518903
0.023131523,0.5367019,0.44016656
0.22266892,0.065957226,0.71137387
0.0037421032,0.97512394,0.021133903
0.20900494,0.10045444,0.6905407
0.013719485,0.3541346,0.63214594
0.06487522,0.49625617,0.43886864
0.011386129,0.67958766,0.30902618
0.008387893,0.9048689,0.08674323
0.021875845,0.6248921,0.35323206
0.035533126,0.4661754,0.49829152
0.018815383,0.5411007,0.440084
0.013569639,0.8406575,0.14577298
0.013684956,0.73628163,0.25003344
0.018770168,0.49039248,0.49083737
0.015609408,0.72440284,0.25998783
0.041579198,0.37230417,0.5861166
0.0055837007,0.77357066,0.22084557
0.004814904,0.8657299,0.12945509
0.009333657,0.6563432,0.33432308
0.073312394,0.2857384,0.6409492
0.015446112,0.5715795,0.4129744
0.010069521,0.66970927,0.32022125
0.014202492,0.43389818,0.5518993
0.016282244,0.62709653,0.35662118
0.15798952,0.1642232,0.6777873
0.010967612,0.1511975,0.83783495
0.017976414,0.51822656,0.46379697
0.006802451,0.89716005,0.09603747
0.0038723259,0.9778242,0.018303514
0.03141993,0.19689715,0.7716829
0.31464258,0.14273746,0.54262
0.012872387,0.502905,0.48422268
0.011698433,0.7156205,0.27268103
0.0075608203,0.6786473,0.31379184
0.009319585,0.41948673,0.57119364
0.0062058032,0.48399645,0.50979775
0.022237558,0.26214743,0.71561503
0.0065722466,0.80101293,0.19241475
0.012102979,0.5438714,0.4440256
0.018046975,0.3467103,0.63524264
0.016406203,0.6763904,0.3072034
0.007483938,0.7929349,0.1995812
0.009042261,0.68290806,0.3080497
0.012390926,0.66489035,0.32271868
0.42599607,0.09997742,0.47402656
0.084248126,0.32813925,0.5876127
0.0068780216,0.31217048,0.68095154
0.30137205,0.08878791,0.60984004
0.022190243,0.49426627,0.48354357
0.017567415,0.64603895,0.33639362
0.021976126,0.2629758,0.7150481
0.014192836,0.7937533,0.19205387
0.006690541,0.81066114,0.18264829
0.013959799,0.8073798,0.17866045
0.025295997,0.3805382,0.5941658
0.01825195,0.43462357,0.5471245
0.010745638,0.7071877,0.28206667
0.017077224,0.6236123,0.35931042
0.005677517,0.9300385,0.06428398
0.018130371,0.49782506,0.48404455
0.008079035,0.5512572,0.44066375
0.006939679,0.8217129,0.17134747
0.39120245,0.15968636,0.44911116
0.005668039,0.96908355,0.025248382
0.0060574217,0.57684517,0.41709748
0.021400737,0.35189378,0.62670547
0.028952166,0.48304808,0.48799974
0.038828593,0.34430972,0.61686164
0.013392142,0.5902197,0.39638826
0.01676797,0.3936636,0.58956844
0.13232006,0.4828137,0.38486627
0.01507403,0.29441577,0.6905102
0.00901205,0.84726936,0.1437186
0.01082073,0.7448797,0.24429956
0.017065981,0.8196332,0.16330083
0.032530904,0.6783865,0.2890826
0.011821449,0.8473063,0.14087221
0.009973886,0.89148945,0.098536626
0.010493436,0.51864034,0.47086623
0.035684917,0.37417457,0.5901405
0.008995493,0.8060817,0.18492278
0.013549392,0.7089623,0.27748823
0.009222956,0.8601584,0.13061865
0.057694256,0.360005,0.5823007
0.0023242647,0.96210843,0.035567336
0.035605796,0.32875803,0.6356361
0.037126396,0.8213875,0.1414861
0.10111087,0.3777344,0.52115476
0.011679765,0.90381235,0.08450784
0.0040938933,0.7980087,0.19789742
0.012108831,0.71222854,0.27566263
0.006319298,0.8495359,0.14414479
0.014736388,0.82476944,0.1604941
0.0128564,0.83158535,0.15555824
0.019441072,0.5810311,0.3995278
0.06282871,0.33145693,0.6057144
0.06967899,0.09026626,0.84005475
0.017914074,0.43953663,0.54254925
0.008440128,0.8551659,0.13639402
0.20246662,0.119354025,0.6781794
0.0073463703,0.7578008,0.23485279
0.017622707,0.46078184,0.5215954
0.118575394,0.23188622,0.64953834
0.007738743,0.5245972,0.46766394
0.029942138,0.87558454,0.0944733
0.034242924,0.7771347,0.18862234
0.025742238,0.38097158,0.59328616
0.020410417,0.47799364,0.501596
0.008957297,0.92238986,0.068652876
0.030204441,0.58184105,0.3879546
0.031590693,0.37314165,0.59526765
0.00856409,0.4749461,0.51648986
0.007408953,0.96376914,0.02882194
0.03400231,0.6431046,0.32289308
0.0021261561,0.94121015,0.056663662
0.008530525,0.828884,0.16258547
0.023427607,0.41968122,0.55689114
0.01123126,0.60827565,0.38049307
0.017492358,0.47747797,0.5050296
0.017186577,0.47609988,0.50671357
0.008954712,0.9343286,0.05671666
0.0143835675,0.6984683,0.28714806
0.015928512,0.7282291,0.2558424
0.015773766,0.68814653,0.29607967
0.06781314,0.34041116,0.59177566
0.004170172,0.7654665,0.23036331
0.016169723,0.6338943,0.34993598
0.00640302,0.72170436,0.2718927
0.026223512,0.5010791,0.4726974
0.03360633,0.3646458,0.6017478
0.016170138,0.70362,0.2802098
0.004751455,0.89802235,0.09722627
0.019342713,0.60243034,0.3782269
0.057004713,0.38155064,0.56144464
0.0056039626,0.9555863,0.03880972
0.09975459,0.14791088,0.75233454
0.014703672,0.7152249,0.2700714
0.020393694,0.4071683,0.572438
0.014954751,0.7780745,0.20697068
0.10322399,0.37190574,0.5248702
0.004769133,0.9258564,0.069374494
0.01594279,0.8727227,0.111334495
0.043060064,0.6014587,0.35548124
0.02969654,0.48196968,0.48833382
0.012558699,0.8885049,0.0989363
0.010662717,0.5796119,0.4097255
0.032620303,0.31745172,0.649928
0.008641971,0.7703912,0.22096692
0.008242707,0.38164505,0.61011225
0.014539606,0.5239435,0.46151686
0.03736604,0.6359279,0.32670608
0.0077078897,0.9434511,0.048840966
0.013180092,0.4174429,0.569377
0.022254862,0.47219798,0.5055471
0.4678804,0.099456236,0.43266335
0.01399442,0.4193444,0.56666124
0.020812452,0.68604636,0.29314113
0.01475582,0.7100004,0.27524376
0.01762045,0.57237864,0.41000095
0.040097326,0.2636958,0.69620687
0.021352263,0.5001758,0.4784719
0.012370755,0.7195361,0.26809308
0.02013385,0.4956837,0.48418248
0.007848972,0.68447095,0.30768013
0.16001493,0.18651818,0.6534669
0.011722559,0.72610027,0.2621772
0.014645461,0.41691592,0.56843865
0.032120842,0.6429989,0.3248803
0.042078253,0.54207504,0.41584668
0.018458957,0.6356263,0.3459148
0.017141163,0.92764086,0.055217937
0.014774562,0.7350422,0.25018328
0.019263847,0.8408803,0.13985592
0.024543433,0.45916247,0.51629406
0.008505801,0.6870671,0.30442715
0.010013568,0.7818678,0.20811859
0.030702265,0.6113554,0.35794228
0.011819648,0.83511305,0.1530673
0.042833287,0.3554162,0.6017505
0.020086465,0.8814555,0.098458074
0.014615104,0.48916376,0.49622118
0.013675169,0.81455946,0.1717653
0.00952916,0.9654388,0.025032042
0.0022781284,0.92982215,0.06789968
0.00817605,0.8582862,0.1335377
0.014650542,0.31692111,0.6684284
0.009175253,0.53758645,0.4532382
0.009019762,0.93548965,0.055490546
0.00679698,0.7621438,0.23105918
0.02479903,0.6183194,0.35688162
0.00716955,0.8429176,0.14991294
0.01490901,0.82752365,0.15756729
0.013892874,0.5132042,0.4729029
0.020620203,0.5789431,0.40043673
0.0038547572,0.9437552,0.05239002
0.012340943,0.6064261,0.38123292
0.017922377,0.351688,0.6303896
0.02714231,0.42157015,0.55128753
0.035338424,0.4814673,0.48319432
0.08220302,0.7322153,0.18558171
0.023572715,0.72465366,0.25177363
0.055515658,0.6150511,0.32943332
0.020287046,0.547775,0.43193805
0.010598212,0.84798187,0.1414199
0.012330171,0.85039204,0.13727777
0.025553761,0.4670514,0.5073948
0.0048884926,0.96821433,0.026897162
0.009262249,0.7509287,0.23980904
0.01910039,0.5761351,0.40476453
0.035097394,0.49021366,0.47468892
0.005648326,0.78222024,0.21213149
0.6170056,0.17413218,0.20886222
0.0091671245,0.9563553,0.034477614
0.009568085,0.66916794,0.32126403
0.0409,0.8057176,0.1533824
0.01588138,0.6355693,0.34854934
0.029983792,0.65429914,0.31571704
0.012438737,0.60281456,0.38474673
0.015662018,0.08860461,0.8957334
0.02331823,0.62026477,0.3564171
0.23619585,0.06919711,0.694607
0.008584138,0.75057423,0.24084164
0.015822647,0.75739765,0.22677964
0.015734924,0.7050687,0.27919638
0.026495347,0.55872935,0.41477534
0.010239878,0.6620435,0.3277166
0.008717393,0.81502604,0.17625664
0.020518422,0.64919066,0.33029094
0.024021968,0.7198537,0.25612426
0.0149349375,0.44366926,0.54139584
0.0040816735,0.9272246,0.06869375
0.01844877,0.5876413,0.39390987
0.012235587,0.8129509,0.17481342
0.0057935114,0.8119463,0.1822602
0.016155316,0.852547,0.13129762
0.0043678004,0.8453865,0.15024568
0.009160184,0.94665754,0.04418227
0.012664277,0.85615313,0.1311826
0.017456172,0.44093806,0.54160583
0.014253106,0.7701322,0.2156147
0.012530397,0.683058,0.30441168
0.28207484,0.07000047,0.6479248
0.011426814,0.573787,0.4147862
0.009232035,0.66601783,0.32475007
0.026767517,0.46427414,0.50895834
0.012871739,0.766378,0.22075032
0.012801483,0.8191012,0.1680973
0.012966947,0.8235273,0.16350575
0.025827087,0.4805089,0.49366394
0.044558205,0.48755914,0.46788266
0.00866133,0.624989,0.36634976
0.26718193,0.05508494,0.6777331
0.010265561,0.8790093,0.1107251
0.04129539,0.29892665,0.65977794
0.014497794,0.33049718,0.6550051
0.032246485,0.25504595,0.7127076
0.014830808,0.73949724,0.24567193
0.008451757,0.80505455,0.18649368
0.031171992,0.39029488,0.57853305
0.029529516,0.070943095,0.8995274
0.546651,0.029777767,0.42357126
0.0112487925,0.6610655,0.32768568
0.14289604,0.10949457,0.7476094
0.0116844345,0.72243625,0.26587936
0.009182856,0.5900903,0.40072677
0.04112838,0.26962912,0.68924254
0.008515836,0.93288183,0.05860227
0.014288147,0.53743076,0.4482811
0.77056426,0.042370263,0.18706553
0.06090898,0.49179095,0.44730002
0.012370165,0.77260876,0.21502113
0.013392181,0.6750904,0.31151745
0.0072004963,0.8579603,0.13483924
0.014062781,0.8603201,0.12561706
0.010697566,0.81039,0.17891239
0.018270826,0.45945662,0.52227247
0.0033900116,0.90376526,0.09284466
0.011328843,0.8071858,0.18148527
0.009481235,0.8275424,0.16297634
0.013791502,0.45207796,0.5341305
0.019222831,0.56517786,0.41559935
0.012688538,0.7629357,0.2243757
0.0171005,0.56153005,0.4213694
0.0152560305,0.5915572,0.3931867
0.008106238,0.67526543,0.3166283
0.012161367,0.5889624,0.39887625
0.014440395,0.69542825,0.29013142
0.014284299,0.70550513,0.28021058
0.0054553444,0.7391422,0.25540254
0.0127888,0.7435088,0.24370238
0.008642368,0.87823856,0.11311904
0.023406252,0.28620538,0.6903884
0.035676595,0.46765882,0.49666458
0.008291473,0.94245094,0.04925757
0.0137263,0.7209661,0.26530758
0.0062575187,0.86482,0.12892243
