0.43850523,0.021332223,0.5401625
0.43944,0.045714196,0.5148458
0.95828986,0.0058977352,0.035812363
0.92552954,0.010216106,0.064254396
0.4406017,0.018135335,0.54126287
0.56590235,0.011556082,0.42254156
0.39651227,0.04538463,0.55810314
0.2914834,0.021153873,0.6873627
0.6703864,0.016289907,0.3133237
0.44746417,0.21542552,0.33711028
0.10017887,0.15027115,0.74955
0.51426375,0.021236708,0.4644995
0.22666626,0.06444709,0.7088866
0.23570144,0.030745203,0.73355335
0.60148144,0.015974175,0.38254443
0.8423197,0.009496832,0.14818354
0.55348533,0.013573284,0.4329414
0.94029504,0.006753335,0.052951667
0.7987224,0.010263958,0.19101362
0.8236625,0.00853162,0.16780591
0.17511731,0.45994532,0.3649374
0.5534187,0.037270818,0.4093104
0.8677357,0.007568687,0.12469567
0.39857525,0.028393682,0.573031
0.5590835,0.021225488,0.4196909
0.41972277,0.016134342,0.5641429
0.76620466,0.01751331,0.21628208
0.48624945,0.03782796,0.47592267
0.29371786,0.017645258,0.6886369
0.583657,0.010685435,0.4056576
0.8978845,0.0152167035,0.08689881
0.77301675,0.018248389,0.20873483
0.7057641,0.04484675,0.24938905
0.9055636,0.014136692,0.08029964
0.84412706,0.008830205,0.14704277
0.5390169,0.011446885,0.44953623
0.28659397,0.038262628,0.67514336
0.8967702,0.01511522,0.08811463
0.71584463,0.010469997,0.27368546
0.49320042,0.015112001,0.49168757
0.5152627,0.01474258,0.46999466
0.46413907,0.047888886,0.48797214
0.56322753,0.007841296,0.4289312
0.8875397,0.010026501,0.102433756
0.61898637,0.019955397,0.3610582
0.7380733,0.011729291,0.2501974
0.68647057,0.012441298,0.3010881
0.5204312,0.011510166,0.46805862
0.6031658,0.0066874097,0.39014676
0.69668067,0.016618522,0.28670081
0.41042885,0.040511824,0.54905933
0.47217607,0.020972494,0.50685143
0.86765105,0.008656236,0.123692736
0.57372123,0.020012857,0.40626583
0.64618754,0.025537757,0.32827476
0.25477454,0.042015273,0.7032102
0.52222085,0.019860601,0.45791852
0.2971861,0.02057214,0.68224174
0.400796,0.018083306,0.58112067
0.5440453,0.018254166,0.43770045
0.3927525,0.06293653,0.5443109
0.956764,0.0092240395,0.034011874
0.37651035,0.012361138,0.6111285
0.41790855,0.037697904,0.5443936
0.8317628,0.018810723,0.1494265
0.38884002,0.020152302,0.59100765
0.87457055,0.0076577393,0.1177716
0.8520835,0.009264427,0.13865203
0.56088203,0.029799756,0.40931824
0.8504335,0.013127415,0.1364391
0.54579437,0.015884839,0.43832076
0.7824276,0.013882768,0.20368963
0.46505314,0.009780372,0.5251665
0.49123594,0.01686776,0.49189633
0.60107183,0.02096684,0.3779613
0.5711514,0.013606998,0.41524154
0.62807035,0.010643752,0.36128584
0.6291369,0.012912507,0.35795057
0.41967726,0.0617087,0.51861405
0.45115662,0.028015193,0.5208282
0.9385191,0.003931764,0.057549037
0.78535813,0.0114797205,0.20316209
0.42719764,0.024369923,0.54843247
0.95971304,0.00801944,0.032267515
0.40650532,0.011037436,0.5824572
0.7229722,0.018074969,0.25895283
0.72567534,0.008790751,0.26553392
0.61109513,0.013029808,0.37587506
0.71742415,0.0128245335,0.2697514
0.7573847,0.011643723,0.23097157
0.8675199,0.008676183,0.12380385
0.3577446,0.030767236,0.61148816
0.6278497,0.011270613,0.36087972
0.449926,0.022625856,0.5274482
0.30911815,0.017001722,0.6738801
0.6275058,0.02386262,0.3486315
0.73113483,0.008345821,0.2605194
0.78955483,0.008002984,0.20244208
0.52098197,0.16176775,0.3172503
0.6304359,0.034149345,0.3354147
0.49688703,0.014994818,0.48811814
0.4775275,0.015327775,0.5071447
0.6330798,0.013728967,0.3531912
0.67040485,0.02222937,0.30736575
0.3317099,0.017398912,0.65089124
0.7613103,0.016236244,0.22245346
0.6634076,0.019067595,0.3175248
0.47827154,0.013621674,0.5081068
0.97433734,0.007453641,0.01820897
0.39512753,0.01492257,0.58994985
0.51182073,0.017008308,0.47117096
0.6943593,0.007577035,0.2980637
0.71174663,0.0122811645,0.27597222
0.43498647,0.023152217,0.5418613
0.7587018,0.014653237,0.22664492
0.8945305,0.027267642,0.078201845
0.42458808,0.04082923,0.53458273
0.44927347,0.016538732,0.53418785
0.79791516,0.011740276,0.1903446
0.764722,0.016366428,0.21891162
0.40504423,0.018470176,0.5764856
0.5748988,0.024070647,0.40103057
0.25301307,0.055787586,0.69119936
0.9183714,0.014249919,0.06737865
0.30192232,0.017040059,0.6810376
0.68413115,0.011282535,0.3045863
0.72647244,0.011040905,0.2624866
0.8900384,0.010525228,0.099436454
0.35468966,0.048596658,0.59671366
0.87108487,0.011314378,0.11760077
0.88149846,0.006127054,0.112374514
0.8280779,0.009006317,0.16291572
0.78480804,0.02363258,0.19155943
0.48461118,0.041752316,0.47363654
0.87664497,0.012747289,0.11060769
0.7240189,0.013694682,0.26228642
0.7370394,0.0077631427,0.25519744
0.95435786,0.0064457743,0.039196417
0.6600221,0.019101432,0.3208765
0.3551934,0.013346547,0.6314601
0.75702167,0.01455567,0.22842266
0.7907907,0.019055396,0.19015391
0.226887,0.24617492,0.526938
0.45459825,0.019664718,0.525737
0.65258527,0.0124222925,0.33499247
0.532914,0.016044054,0.45104197
0.604523,0.017164983,0.37831202
0.63529056,0.016926466,0.34778297
0.46910447,0.030846007,0.50004953
0.39108506,0.035014432,0.5739005
0.5021391,0.021661263,0.4761996
0.8339452,0.008700846,0.15735398
0.7315929,0.02668839,0.24171874
0.81361294,0.008277758,0.17810939
0.63258743,0.011037276,0.35637525
0.75536466,0.012443838,0.2321915
0.60426784,0.01430252,0.38142967
0.42255348,0.012223388,0.56522316
0.37355477,0.016743505,0.60970175
0.78459597,0.009986926,0.20541713
0.35277852,0.02746144,0.61976004
0.9512333,0.01078163,0.037984967
0.8971495,0.014309792,0.08854062
0.42231902,0.02763336,0.5500476
0.84981614,0.013753485,0.13643034
0.48806792,0.029006403,0.48292565
0.5857199,0.007835885,0.40644422
0.69321007,0.016118616,0.29067132
0.46702915,0.019776298,0.5131946
0.8390547,0.0067640156,0.15418124
0.5025087,0.01495989,0.4825315
0.6186781,0.015669888,0.36565197
0.4213589,0.020698521,0.55794257
0.69630545,0.012412513,0.29128212
0.79440725,0.015900021,0.18969269
0.61659163,0.012391751,0.37101668
0.35051873,0.06623391,0.58324736
0.7969559,0.009366983,0.19367713
0.70636404,0.019593539,0.27404246
0.51805735,0.009793509,0.4721491
0.7230233,0.01767896,0.2592977
0.9708712,0.008566715,0.02056208
0.44949165,0.041404787,0.5091036
0.58211726,0.005820425,0.41206235
0.6183978,0.015182806,0.36641943
0.49174932,0.018233974,0.4900167
0.8533071,0.011880089,0.1348128
0.3207658,0.0067408443,0.6724934
0.37171164,0.019629145,0.60865927
0.7044418,0.0143221775,0.28123605
0.89279616,0.010866742,0.09633705
0.30877626,0.14559314,0.5456305
0.61060184,0.019793052,0.36960515
0.7606568,0.019923985,0.2194192
0.7112828,0.014558244,0.27415898
0.8094683,0.009706442,0.1808252
0.776216,0.012210799,0.21157324
0.10866736,0.18020903,0.71112365
0.8258615,0.01370412,0.16043444
0.7255793,0.012210352,0.26221037
0.9561766,0.0091457665,0.03467773
0.26150867,0.037091978,0.7013994
0.647054,0.012178344,0.34076765
0.6542773,0.02325452,0.3224682
0.9166366,0.009574211,0.073789224
0.40930706,0.027228205,0.56346476
0.949264,0.010334404,0.040401604
0.9295665,0.009248913,0.06118463
0.79030865,0.015378794,0.19431253
0.5596178,0.013559613,0.42682266
0.67448163,0.010582,0.31493634
0.32880062,0.03422986,0.63696957
0.7073523,0.014707419,0.27794027
0.29509264,0.065535516,0.6393719
0.66341174,0.010760341,0.32582784
0.3085303,0.035018805,0.6564508
0.7718198,0.020818276,0.20736197
0.46721298,0.01497383,0.51781315
0.79105675,0.010879385,0.19806384
0.9230768,0.008417078,0.06850613
0.84749806,0.014179081,0.13832283
0.8267233,0.009613805,0.16366287
0.49538952,0.014201067,0.49040943
0.84828377,0.00969655,0.14201969
0.51601475,0.017640172,0.4663451
0.87342536,0.011996646,0.11457792
0.5997362,0.012549275,0.3877145
0.7563957,0.012892935,0.23071139
0.895119,0.006022077,0.09885883
0.5507773,0.032875456,0.41634732
0.9426652,0.01282074,0.044514064
0.5800627,0.015132654,0.40480462
0.62266535,0.011874871,0.3654598
0.9115133,0.0051047457,0.08338192
0.77998066,0.014434887,0.20558436
0.73057514,0.020114532,0.24931031
0.74939096,0.027492715,0.22311631
0.7554207,0.01803972,0.22653958
0.3464231,0.041476734,0.6121002
0.93010247,0.007482594,0.06241492
0.8301156,0.02388249,0.14600185
0.6264063,0.011352124,0.3622415
0.7056652,0.011975062,0.28235975
0.92394984,0.009285382,0.06676474
0.53557545,0.021315068,0.44310945
0.4833831,0.046332143,0.4702848
0.49026448,0.017353492,0.49238202
0.53308463,0.019388555,0.44752684
0.543095,0.02530436,0.43160075
0.97049326,0.0072534964,0.022253212
0.9269982,0.007955694,0.06504603
0.5664327,0.012557657,0.42100966
0.93207276,0.015464732,0.052462466
0.36918792,0.027928133,0.6028839
0.31448,0.021510623,0.66400933
0.7605467,0.014834354,0.22461888
0.7296095,0.022222321,0.24816819
0.6826173,0.016834354,0.30054832
0.8371736,0.009043091,0.15378332
0.6341171,0.01567039,0.3502125
0.07992815,0.024504818,0.895567
0.64357674,0.020414444,0.3360089
0.9424086,0.0044699027,0.05312147
0.5872905,0.02709923,0.38561025
0.36898667,0.031439718,0.5995736
0.39671585,0.020684183,0.58259994
0.44602722,0.028412584,0.5255602
0.9515644,0.0046549723,0.043780714
0.9269617,0.010786817,0.062251456
0.68688536,0.016218001,0.29689658
0.037440725,0.30759326,0.6549661
0.33288023,0.059463236,0.6076566
0.49422106,0.016283683,0.48949525
0.8323537,0.011592192,0.15605411
0.9730127,0.008092876,0.01889439
0.19871235,0.17524403,0.6260437
0.9351935,0.006576614,0.058229882
0.47527564,0.033878967,0.4908454
0.39256573,0.022074135,0.58536017
0.35178888,0.017157927,0.6310532
0.9243793,0.005888356,0.06973235
0.750722,0.014721941,0.23455605
0.2925205,0.051322635,0.6561569
0.56295604,0.010384948,0.426659
0.382426,0.01774585,0.5998282
0.3130278,0.066307016,0.62066513
0.5897556,0.016294843,0.39394957
0.28209916,0.03650653,0.68139434
0.9491961,0.010570103,0.04023381
0.58340365,0.011329735,0.4052667
0.5667709,0.032952912,0.40027618
0.33270526,0.028262835,0.63903195
0.44482496,0.040990528,0.5141845
0.8526172,0.018683523,0.1286993
0.7507341,0.013167841,0.23609805
0.87534964,0.021906672,0.10274366
0.9701627,0.008711784,0.021125514
0.83850896,0.020812368,0.14067866
0.67929727,0.03245376,0.28824893
0.7048362,0.0105958795,0.28456792
0.77554125,0.018260058,0.20619872
0.5626801,0.016093243,0.42122665
0.49884468,0.020090269,0.48106503
0.30539185,0.011900425,0.6827078
0.92284477,0.0050056316,0.07214963
0.71886265,0.011599547,0.26953784
0.5564756,0.016349707,0.42717466
0.5890989,0.024806848,0.38609427
0.87153816,0.020053832,0.108408056
0.79990786,0.014540171,0.18555199
0.68264896,0.015483678,0.3018674
0.4730643,0.015898788,0.5110369
0.750901,0.011679454,0.23741955
0.5680178,0.02264081,0.40934145
0.49493635,0.027100068,0.4779636
0.67263055,0.011963864,0.3154057
0.29011422,0.023101589,0.6867842
0.90271634,0.005586713,0.09169702
0.76139396,0.017210292,0.22139578
0.7732267,0.010593331,0.21617998
0.8930467,0.021601973,0.085351296
0.3737398,0.043988675,0.58227146
0.7322635,0.022297783,0.24543874
0.59637946,0.011251362,0.39236915
0.44086522,0.012274402,0.5468604
0.875455,0.013329656,0.1112153
0.9733332,0.007859727,0.018806998
0.7530999,0.013879482,0.2330207
0.5864184,0.007353928,0.40622765
0.911438,0.0062033418,0.082358636
0.89991057,0.014499379,0.085590124
0.8834529,0.011742453,0.10480462
0.9552602,0.0060871183,0.03865271
0.28021863,0.13336357,0.58641785
0.61622494,0.012511068,0.37126398
0.8349342,0.021818459,0.14324734
0.7577326,0.014201966,0.22806542
0.5973567,0.022537393,0.38010594
0.41286805,0.03163236,0.5554997
0.72502095,0.02260126,0.25237784
0.84234643,0.012744257,0.14490937
0.5606076,0.015477437,0.423915
0.8092568,0.03294052,0.15780267
0.89629704,0.013850937,0.08985209
0.85085195,0.02311347,0.12603459
0.8519031,0.009222977,0.13887395
0.898703,0.010927908,0.09036912
0.3038927,0.022940932,0.67316633
0.6908258,0.016511275,0.29266298
0.26390705,0.029147437,0.70694554
0.28571934,0.039748184,0.67453253
0.8261973,0.013566877,0.16023579
0.9255143,0.011435574,0.0630501
0.91959095,0.0065656393,0.073843464
0.73081845,0.008556311,0.2606252
0.49982697,0.012492641,0.48768046
0.23723973,0.0920291,0.6707312
0.8259769,0.01595819,0.1580649
0.89174885,0.010392816,0.09785836
0.29156354,0.042055592,0.6663808
0.83999395,0.011706303,0.14829977
0.8478575,0.020441754,0.13170081
0.4966511,0.02589999,0.47744894
0.50307345,0.020525003,0.47640157
0.666059,0.02539092,0.30855003
0.75649774,0.022558996,0.22094324
0.75684136,0.011037094,0.2321215
0.5239012,0.016459348,0.45963946
0.43685085,0.014846115,0.548303
0.8711139,0.009637571,0.11924857
0.6458582,0.009401174,0.3447406
0.38121098,0.010360681,0.6084284
0.8031604,0.009010471,0.18782909
0.22682147,0.05534679,0.7178318
0.40910837,0.013762411,0.5771291
0.4127221,0.014794551,0.57248336
0.7598096,0.009956045,0.23023431
0.25127503,0.054832205,0.6938927
0.6084362,0.017960478,0.37360322
0.6361018,0.023107294,0.34079096
0.59497917,0.014078704,0.3909421
0.5800456,0.020728456,0.3992259
0.2613917,0.099212,0.6393963
0.7044245,0.014461221,0.2811143
0.7079842,0.010190763,0.28182504
0.8878622,0.005804773,0.10633301
0.62715507,0.0078762965,0.3649686
0.3868276,0.021070119,0.5921023
0.6863909,0.020850832,0.29275826
0.76808923,0.013946132,0.21796466
0.72475016,0.012002251,0.2632475
0.688638,0.025723124,0.28563884
0.69828755,0.013486583,0.28822586
0.9001409,0.013905973,0.08595317
0.47202107,0.011144622,0.5168343
0.8138719,0.009548219,0.17657983
0.74244446,0.014233964,0.24332158
0.48403254,0.022236664,0.49373075
0.82676965,0.009673071,0.16355735
0.0985495,0.21433824,0.6871123
0.45920068,0.017652234,0.52314717
0.62513924,0.013539505,0.3613212
0.6915099,0.011025128,0.29746494
0.40812555,0.028392402,0.5634821
0.7800104,0.008613408,0.21137615
0.69096977,0.019376526,0.28965363
0.9327474,0.010022342,0.057230223
0.78342426,0.016944671,0.19963099
0.3775791,0.043552663,0.57886827
0.6204433,0.016266204,0.36329052
0.62567776,0.016712137,0.35761005
0.5172045,0.016030012,0.46676555
0.11584321,0.04041744,0.8437394
0.33432278,0.044074588,0.6216026
0.53765595,0.01616426,0.44617978
0.30678517,0.01796373,0.6752511
0.8833128,0.013440522,0.10324671
0.7319168,0.014595888,0.25348735
0.93746346,0.0052867467,0.057249755
0.32000348,0.021064565,0.6589319
0.38364694,0.030709209,0.5856438
0.5904624,0.014964835,0.39457285
0.2709964,0.109772526,0.61923105
0.5418889,0.018779878,0.43933123
0.617958,0.018616853,0.3634251
0.30705926,0.05825755,0.6346832
0.6088402,0.01430556,0.37685418
0.85053164,0.011192983,0.1382754
0.962106,0.0059813135,0.031912673
0.8273628,0.008777581,0.1638596
0.51326233,0.016330266,0.4704074
0.65536636,0.015475646,0.32915804
0.89699256,0.008860667,0.09414684
0.7252266,0.022565966,0.25220746
0.30870083,0.03787208,0.65342706
0.8024973,0.011347822,0.1861549
0.9619823,0.008809102,0.02920858
0.37830782,0.13112737,0.4905648
0.15679441,0.091265395,0.7519402
0.48617026,0.0179743,0.4958554
0.67946196,0.015415948,0.30512205
0.4138273,0.028366372,0.5578063
0.60341173,0.010275946,0.38631234
0.42695427,0.023508891,0.5495369
0.8068416,0.012954301,0.18020411
0.5393399,0.023180107,0.43748003
0.6463192,0.011644063,0.34203672
0.64141905,0.030264933,0.32831603
0.9128294,0.010984027,0.07618657
0.46863407,0.018203985,0.513162
0.4019958,0.013075114,0.58492905
0.3937209,0.059083734,0.5471953
0.430598,0.040402014,0.529
0.94193685,0.005373734,0.0526894
0.7142659,0.014934235,0.27079988
0.44455278,0.0153276,0.5401196
0.7135415,0.012453508,0.27400503
0.828549,0.011453647,0.15999731
0.3992582,0.013848999,0.5868928
0.73933595,0.018235214,0.24242878
0.61419773,0.016468702,0.3693336
0.4988284,0.024814347,0.4763572
0.8722782,0.013129121,0.114592664
0.5946502,0.01207907,0.39327076
0.5073429,0.016883131,0.475774
0.7365164,0.021358397,0.24212526
0.43405798,0.038820997,0.52712107
0.8942502,0.006919921,0.09882987
0.69682527,0.0062333876,0.2969414
0.48185778,0.015444992,0.5026972
0.5153616,0.021952264,0.46268606
0.4732231,0.019438293,0.5073386
0.47116688,0.059760068,0.46907306
0.10431049,0.19317934,0.7025102
0.76190645,0.014052253,0.22404125
0.77685684,0.013920055,0.20922308
0.9442445,0.010853577,0.04490196
0.70182604,0.011644388,0.28652957
0.36482093,0.0882313,0.54694784
0.506227,0.015880326,0.47789267
0.6253524,0.016920025,0.35772765
0.16463122,0.34852225,0.48684657
0.8662437,0.009834285,0.12392205
0.7615276,0.014307758,0.22416465
0.6144193,0.020378385,0.36520237
0.46447098,0.026774753,0.50875425
0.44030815,0.021812702,0.5378792
0.8417215,0.015466463,0.14281203
0.03653067,0.28511888,0.67835045
0.71331125,0.01671775,0.26997104
0.5318339,0.010126205,0.45804003
0.5724106,0.013664315,0.41392508
0.9187237,0.0071948604,0.07408148
0.46296254,0.023973007,0.51306444
0.26520067,0.053000055,0.6817993
0.65496683,0.012868435,0.3321647
0.5471886,0.018023936,0.43478748
0.52571696,0.02157754,0.45270556
0.56455153,0.02862126,0.40682718
0.8515856,0.0075802356,0.1408341
0.49213475,0.016806746,0.49105856
0.78715545,0.054196414,0.15864812
0.5053809,0.051685244,0.44293386
0.33788428,0.0626218,0.5994939
0.5599154,0.010914313,0.4291703
0.31795785,0.21628757,0.46575463
0.644421,0.015095322,0.34048375
0.018825432,0.48073712,0.50043744
0.61258996,0.008467151,0.378943
0.8661981,0.015018047,0.11878382
0.9506681,0.006490181,0.04284167
0.273143,0.115219705,0.6116373
0.4082961,0.07094611,0.52075773
0.56353676,0.03539845,0.40106472
0.3935094,0.020877285,0.5856133
0.5634449,0.0145238,0.42203134
0.5030729,0.029167792,0.46775928
0.9145341,0.010532343,0.07493361
0.6810971,0.024728965,0.294174
0.721894,0.019568011,0.25853795
0.6081517,0.01704661,0.37480173
0.96180785,0.0072383913,0.030953778
0.4578398,0.0629344,0.47922578
0.49072787,0.020884315,0.48838782
0.7040027,0.024114218,0.27188313
0.79673,0.014895997,0.18837401
0.6152866,0.018082345,0.3666311
0.8769169,0.0087647205,0.114318304
0.24393246,0.15081152,0.605256
0.96122324,0.009249884,0.029526798
0.8983444,0.010019973,0.09163558
0.5468746,0.015347813,0.43777752
0.12328257,0.09527549,0.7814419
0.94586104,0.010291982,0.043846942
0.89485234,0.015510323,0.08963739
0.8687937,0.009598985,0.1216073
0.9158479,0.0062390957,0.077913
0.47134325,0.015313005,0.51334375
0.6835837,0.020738048,0.29567826
0.66633064,0.025948832,0.30772057
0.6697307,0.01588107,0.31438813
0.46784025,0.018266289,0.5138935
0.5643103,0.00940115,0.42628852
0.930651,0.0050079306,0.0643411
0.6687598,0.011948008,0.31929222
0.5600717,0.015248687,0.4246796
0.8489973,0.012726752,0.13827598
0.46278656,0.010952867,0.52626055
0.72494847,0.011761331,0.26329023
0.5695328,0.012113974,0.41835314
0.6466508,0.015439052,0.3379102
0.7852214,0.015094967,0.19968367
0.27004805,0.043264456,0.68668747
0.69503635,0.012097616,0.292866
0.9545682,0.0067746686,0.038657118
0.8684455,0.013748118,0.11780635
0.9012164,0.010791477,0.08799211
0.8522658,0.016842939,0.13089131
0.9619434,0.009139179,0.028917484
0.7945425,0.014245287,0.1912122
0.5543617,0.017310863,0.42832744
0.6483179,0.016987575,0.33469453
0.6509757,0.014378005,0.33464628
0.31768632,0.022130515,0.66018313
0.7589711,0.012336074,0.22869276
0.7446271,0.012660742,0.24271211
0.8461288,0.012886945,0.14098436
0.3090797,0.016186586,0.6747337
0.5021405,0.028548932,0.4693105
0.88930297,0.010109084,0.100588
0.9495425,0.0068232487,0.04363429
0.489407,0.017258601,0.49333447
0.5825352,0.039262436,0.37820232
0.7418383,0.02135837,0.23680332
0.92491174,0.007842728,0.06724549
0.5898166,0.014678559,0.3955049
0.8302487,0.009551598,0.16019969
0.86146665,0.01169884,0.12683454
0.9614501,0.007316119,0.031233704
0.8880452,0.013766897,0.098187976
0.8919404,0.017670132,0.090389356
0.5364639,0.010137609,0.4533985
0.8509014,0.011790466,0.13730823
0.3280173,0.016163902,0.6558188
0.9335892,0.0061006015,0.060310196
0.7994619,0.013844686,0.18669346
0.65807706,0.0112074865,0.33071545
0.51364756,0.015570703,0.47078177
0.58707744,0.019802056,0.3931205
0.8812919,0.0077366424,0.11097136
0.28801355,0.017216459,0.69477004
0.899118,0.008541513,0.09234047
0.68448645,0.0120784985,0.30343503
0.4309639,0.018617995,0.5504181
0.6080349,0.013383823,0.3785812
0.8194492,0.014407396,0.16614337
0.5246169,0.029944154,0.445439
0.7569829,0.02592745,0.21708952
0.705878,0.041730322,0.25239164
0.48398802,0.018443726,0.49756834
0.9575677,0.006773546,0.035658833
0.6494317,0.012970023,0.3375983
0.75555366,0.013733761,0.2307126
0.7180298,0.018383173,0.263587
0.40525642,0.036094002,0.55864954
0.8584492,0.00905473,0.132496
0.8999511,0.006796038,0.09325288
0.49067998,0.021435892,0.48788413
0.47269276,0.012633929,0.5146734
0.7497946,0.019715384,0.23049004
0.935778,0.006042292,0.05817974
0.37177277,0.03044254,0.59778464
0.786816,0.009813276,0.20337075
0.5280886,0.02254782,0.4493635
0.94472474,0.009544507,0.045730695
0.9365828,0.014276878,0.049140323
0.34079647,0.027896049,0.6313075
0.78482056,0.0121445125,0.20303498
0.49350995,0.016062701,0.49042735
0.70303625,0.02643954,0.27052423
0.6306537,0.013905523,0.35544083
0.7105064,0.015709553,0.273784
0.96139294,0.005150617,0.03345639
0.53136015,0.014650546,0.45398927
0.3894928,0.017633094,0.5928741
0.38945305,0.034883127,0.57566386
0.44613966,0.03616125,0.5176991
0.7028668,0.012664229,0.28446898
0.58135575,0.014288296,0.40435597
0.5588486,0.018087821,0.42306355
0.30465254,0.036448367,0.6588991
0.9385639,0.0068671475,0.054568954
0.5524142,0.021987263,0.42559865
0.7133991,0.013018071,0.27358288
0.4626744,0.020442978,0.51688254
0.34496742,0.019478388,0.6355542
0.1934896,0.19705497,0.6094554
0.9728521,0.009422275,0.017725715
0.70744675,0.010322293,0.28223094
0.20415558,0.021135777,0.7747086
0.66109824,0.023294449,0.3156073
0.5398185,0.016269602,0.44391194
0.8343955,0.013805346,0.15179913
0.65037227,0.021776786,0.32785088
0.8617747,0.009369993,0.1288552
0.8305118,0.00841726,0.16107091
0.8622848,0.009266231,0.128449
0.92234826,0.010233151,0.06741852
0.9441678,0.0074531604,0.04837902
0.33652782,0.012158979,0.6513132
0.3567314,0.03817828,0.60509026
0.9277797,0.012700306,0.059520043
0.8188424,0.013872107,0.16728552
0.45898688,0.021565333,0.5194478
0.59393495,0.012477538,0.39358753
0.80456024,0.013238062,0.18220177
0.6287501,0.023180982,0.34806898
0.64633405,0.018709814,0.3349561
0.4122722,0.021404576,0.5663233
0.30324176,0.053518716,0.6432395
0.9014137,0.008807806,0.089778505
0.9546334,0.010097762,0.03526877
0.64252996,0.027397698,0.3300723
0.6395912,0.0667723,0.29363647
0.9260557,0.007874315,0.06607001
0.49638426,0.013549893,0.49006584
0.80065864,0.013157882,0.18618342
0.46505085,0.015229805,0.51971936
0.5433643,0.013026914,0.44360882
0.40387473,0.029711703,0.5664136
0.85393786,0.008339945,0.13772218
0.9083858,0.010314161,0.08130008
0.5230221,0.021786114,0.45519182
0.6780644,0.024010245,0.29792535
0.53487575,0.011527749,0.45359647
0.6529684,0.025808651,0.32122296
0.76881176,0.011081368,0.22010688
0.7922438,0.011141253,0.196615
0.68262315,0.012899827,0.30447704
0.34522548,0.024588317,0.6301862
0.84748816,0.011222887,0.141289
0.6732106,0.013530947,0.31325847
0.52251124,0.05054061,0.42694813
0.326128,0.03130954,0.64256245
0.96403396,0.0046021165,0.03136393
0.7896583,0.013057107,0.19728453
0.5431672,0.014790756,0.44204205
0.7169853,0.009221501,0.27379322
0.91554123,0.0100296335,0.07442921
0.47518247,0.026680091,0.49813753
0.8841023,0.016307447,0.099590264
0.64118207,0.013175436,0.34564245
0.7341153,0.013827743,0.25205693
0.5660767,0.013581286,0.42034206
0.5075139,0.022889227,0.46959692
0.4842473,0.03459555,0.4811572
0.09488981,0.058448907,0.84666127
0.5318366,0.026586918,0.44157642
0.5240994,0.016317554,0.45958304
0.7782828,0.013087355,0.2086298
0.38353398,0.022111086,0.5943549
0.6220053,0.02431297,0.35368177
0.51966304,0.012280275,0.46805665
0.94525874,0.009388011,0.045353185
0.4189662,0.014684957,0.5663489
0.7101199,0.03168693,0.25819322
0.7773818,0.009166105,0.2134521
0.584198,0.01937166,0.39643028
0.6711717,0.017270576,0.31155774
0.6443476,0.00844411,0.34720832
0.4963476,0.019768594,0.48388383
0.34460118,0.022969933,0.6324288
0.1996528,0.13631253,0.66403466
0.4903943,0.00885763,0.5007481
0.90400696,0.005352882,0.09064014
0.429189,0.031942718,0.5388683
0.7169716,0.016183581,0.26684487
0.477926,0.012949348,0.5091247
0.5656354,0.011877182,0.42248738
0.46710595,0.019184204,0.51370984
0.7338298,0.011484641,0.25468552
0.8255672,0.009401435,0.16503134
0.5656547,0.020772373,0.41357303
0.1132745,0.2925021,0.59422344
0.81602716,0.014944363,0.16902857
0.7113398,0.008471616,0.28018865
0.8182558,0.0076863393,0.17405786
0.8621793,0.01762126,0.12019942
0.746139,0.013410905,0.24045008
0.96822965,0.006152136,0.025618283
0.72302157,0.00886782,0.2681106
0.39727017,0.012931734,0.58979815
0.60491455,0.020510348,0.37457508
0.5446432,0.0126271965,0.44272965
0.8730678,0.021797208,0.10513498
0.7074451,0.009059792,0.28349513
0.8943215,0.005336368,0.100342125
0.8716598,0.010216726,0.11812345
0.71660733,0.013329212,0.27006343
0.5761234,0.03189404,0.39198261
0.8874795,0.009181607,0.1033389
0.94201756,0.009711722,0.048270773
0.38782573,0.07244855,0.5397257
0.9057756,0.007332218,0.08689222
0.26445958,0.28229564,0.45324484
0.8839898,0.014256372,0.101753786
0.772181,0.0154984975,0.2123206
0.9276978,0.0074944063,0.06480784
0.63364273,0.015930232,0.350427
0.7641641,0.01945431,0.21638156
0.39568788,0.021584924,0.58272725
0.8061942,0.020550849,0.1732549
0.622406,0.013097213,0.36449686
0.40055466,0.016784692,0.5826607
0.7876314,0.010879226,0.20148943
0.59652597,0.017777437,0.38569656
0.5601026,0.012813021,0.42708436
0.8276685,0.014058056,0.1582734
0.2928874,0.028528208,0.6785844
0.4995592,0.014657412,0.48578334
0.5989426,0.021210985,0.3798464
0.42537588,0.06169525,0.51292884
0.7141503,0.013007447,0.27284223
0.60606766,0.023143131,0.3707892
0.5585486,0.02402205,0.4174294
0.8616645,0.0066680475,0.13166748
0.21731636,0.20111246,0.5815712
0.5659988,0.020361897,0.41363934
0.90279156,0.012315883,0.08489261
0.5688932,0.009957807,0.421149
0.27042308,0.011845043,0.71773183
0.7537184,0.011023095,0.23525855
0.6548734,0.013025904,0.33210075
0.95483214,0.0040847845,0.041082997
0.69593465,0.017509783,0.28655556
0.38796788,0.024968555,0.5870636
0.49911574,0.016903058,0.48398125
0.35845646,0.030140812,0.61140275
0.39871338,0.016252868,0.58503383
0.9395996,0.011006822,0.049393624
0.8464426,0.0083324015,0.14522505
0.6474327,0.013989653,0.33857766
0.6071678,0.013798767,0.37903342
0.7418114,0.015162406,0.24302621
0.9642745,0.009439141,0.02628627
0.07213209,0.013166926,0.9147009
0.54215235,0.014549662,0.44329795
0.6227895,0.011088851,0.3661217
0.6084481,0.013737144,0.37781474
0.9231393,0.012074593,0.06478618
0.76523143,0.02111957,0.21364896
0.28996345,0.037291285,0.6727453
0.5912052,0.016571859,0.39222297
0.45770586,0.02599147,0.51630265
0.71153384,0.016036015,0.27243024
0.8367224,0.018000677,0.14527692
0.5484674,0.0150022665,0.43653038
0.5718329,0.027067753,0.40109935
0.91181386,0.0050152317,0.083170876
0.52255106,0.013522729,0.4639262
0.7918308,0.015399122,0.1927701
0.88582945,0.012010931,0.10215963
0.6109457,0.01578359,0.37327075
0.7014114,0.016254652,0.28233394
0.91424966,0.011510538,0.07423975
0.74381083,0.020152189,0.23603696
0.86388445,0.011895313,0.12422034
0.82488537,0.016071212,0.15904346
0.34833384,0.02788268,0.62378347
0.96039337,0.006949762,0.032656904
0.60911185,0.012310623,0.3785776
0.41649133,0.057482984,0.52602565
0.62993413,0.0072930735,0.36277282
0.45199618,0.020182088,0.5278218
0.7633908,0.014009449,0.22259985
0.90271777,0.01081047,0.08647172
0.29545465,0.0854314,0.619114
0.8100265,0.027725238,0.16224824
0.49808007,0.012280552,0.4896393
0.57256895,0.016747544,0.41068354
0.56045187,0.028462933,0.41108528
0.7122183,0.011727078,0.27605468
0.9283722,0.006688568,0.0649392
0.7679927,0.010170471,0.22183685
0.9670679,0.009081591,0.023850493
0.50962156,0.01385147,0.47652695
0.90599984,0.008356561,0.085643575
0.51476043,0.016620085,0.46861944
0.6716964,0.027633194,0.3006704
0.7868115,0.010558952,0.20262958
0.9368436,0.00817656,0.054979812
0.41999897,0.05011587,0.5298852
0.47461897,0.01606004,0.509321
0.72458214,0.013495013,0.26192278
0.6262489,0.049938798,0.32381228
0.40857902,0.013386963,0.578034
0.8530206,0.016688773,0.13029067
0.8366441,0.00920161,0.15415429
0.376353,0.013710508,0.6099365
0.6746771,0.025542084,0.29978085
0.93567884,0.009912263,0.054408908
0.6312692,0.014067095,0.3546638
0.60588723,0.0155451335,0.37856764
0.40368164,0.019499727,0.57681865
0.75799894,0.009231992,0.23276912
0.78468496,0.012001117,0.20331387
0.7408139,0.012704914,0.24648117
0.53472304,0.013268776,0.45200816
0.6915637,0.027861552,0.2805747
0.62097985,0.030416822,0.3486033
0.5382727,0.013618181,0.44810912
0.7836683,0.016812092,0.1995197
0.34657195,0.036700822,0.61672723
0.8411279,0.015128141,0.14374393
0.4073635,0.012991671,0.57964486
0.5877139,0.016207898,0.3960782
0.5319158,0.013640081,0.4544441
0.5277957,0.01910217,0.4531021
0.73928094,0.0148544125,0.24586466
0.81955,0.024141416,0.15630856
0.3179989,0.032978434,0.6490227
0.75099814,0.01888583,0.230116
0.7599865,0.009668324,0.23034525
0.78634256,0.014358918,0.19929853
0.9561909,0.007838839,0.035970267
0.56882954,0.027915258,0.40325522
0.4047778,0.0093228975,0.58589935
0.59385794,0.006982288,0.39915976
0.74950695,0.022768684,0.2277243
0.9663951,0.010000867,0.023603972
0.61089116,0.039930202,0.34917864
0.51803964,0.012547594,0.46941277
0.9121168,0.013645403,0.074237734
0.895401,0.01094725,0.09365171
0.4407864,0.014571301,0.5446423
0.9241039,0.0089477915,0.066948235
0.77653795,0.017801447,0.20566061
0.017242808,0.8571772,0.1255799
0.031490166,0.3294112,0.63909864
0.01390879,0.42994472,0.55614644
0.004230752,0.9194105,0.076358676
0.006919489,0.97287273,0.020207824
0.012549945,0.91444755,0.07300246
0.030639406,0.635187,0.3341736
0.009597346,0.7669311,0.22347154
0.0343382,0.3047688,0.660893
0.007925098,0.93369883,0.0583761
0.013550787,0.50774133,0.4787079
0.017046263,0.8160208,0.16693296
0.08943239,0.26678815,0.64377946
0.022490831,0.7643492,0.21316001
0.01034069,0.6878702,0.30178913
0.022773841,0.4699241,0.507302
0.02379691,0.5782644,0.39793867
0.010734425,0.7314785,0.25778702
0.12900665,0.1850092,0.68598413
0.023245964,0.62005347,0.35670057
0.03642617,0.23322017,0.7303537
0.0121833,0.91666496,0.07115181
0.010735865,0.6531129,0.33615124
0.0045915525,0.908701,0.08670743
0.013035213,0.7710156,0.21594924
0.019984927,0.45918193,0.52083313
0.016934056,0.78799534,0.19507064
0.02443663,0.6994395,0.27612376
0.0072019463,0.7536563,0.2391417
0.021460613,0.3696161,0.6089233
0.009405102,0.69875085,0.29184404
0.016709182,0.4608269,0.52246386
0.022237731,0.49387994,0.48388234
0.0203742,0.81675327,0.1628725
0.011538213,0.85351074,0.13495107
0.014921006,0.52015793,0.46492106
0.01302567,0.5481923,0.438782
0.028441928,0.51831293,0.45324507
0.010214209,0.65993476,0.32985103
0.013652398,0.6823682,0.3039793
0.17078702,0.17052247,0.6586905
0.011256999,0.83853686,0.15020613
0.03705142,0.49121308,0.4717355
0.01236432,0.8619549,0.12568079
0.03677548,0.343952,0.6192725
0.024927929,0.5674158,0.40765628
0.022074683,0.7187696,0.25915566
0.016207494,0.52305585,0.46073663
0.0066632824,0.92967594,0.063660786
0.043787394,0.32032618,0.6358864
0.09038081,0.21452053,0.6950987
0.016114425,0.88034654,0.103539094
0.015022064,0.4574749,0.527503
0.022033507,0.44858456,0.52938193
0.0050884304,0.9564955,0.03841612
0.011310269,0.80510616,0.18358356
0.0056537036,0.9175318,0.0768145
0.008771396,0.9304791,0.060749486
0.012001821,0.45982563,0.52817255
0.020997915,0.67079175,0.3082103
0.012160953,0.77329147,0.21454757
0.028276322,0.62855065,0.34317312
0.12960842,0.24836396,0.62202764
0.018502876,0.7288853,0.2526119
0.010979747,0.5296427,0.45937756
0.014347025,0.49251336,0.49313956
0.0119155105,0.5482011,0.4398834
0.015755175,0.55153847,0.4327063
0.041744094,0.4188575,0.53939843
0.014879702,0.7006455,0.2844748
0.022753416,0.42647198,0.5507745
0.022110838,0.4628467,0.5150425
0.024597896,0.6378308,0.33757135
0.0053211884,0.8950258,0.09965299
0.043374542,0.2652748,0.6913507
0.015831703,0.41035515,0.57381314
0.009049606,0.6283487,0.3626017
0.02323656,0.5729193,0.4038441
0.00892677,0.9693916,0.021681594
0.08196349,0.25765818,0.66037834
0.010113221,0.9533338,0.03655293
0.19144396,0.22275157,0.5858045
0.011906779,0.60732,0.38077316
0.024993066,0.7420418,0.232965
0.075039044,0.61470765,0.31025335
0.014809512,0.63274354,0.352447
0.013548938,0.51660293,0.46984813
0.016368624,0.45907038,0.52456105
0.0057585575,0.94780856,0.0464329
0.0153784705,0.5023123,0.4823093
0.034554783,0.5789498,0.38649547
0.015288205,0.62230897,0.3624028
0.032457367,0.61124665,0.35629606
0.016495524,0.4419697,0.5415348
0.008910604,0.7641852,0.2269043
0.016040044,0.6988697,0.2850903
0.042273022,0.42832175,0.52940524
0.010810516,0.8997147,0.08947476
0.03152796,0.36736524,0.6011068
0.0089630755,0.79431325,0.19672363
0.018503882,0.48628393,0.49521223
0.2567778,0.2839766,0.4592455
0.015301853,0.3583306,0.62636757
0.024559775,0.7939953,0.18144493
0.022581002,0.76204926,0.21536967
0.008888057,0.8992622,0.09184974
0.011113727,0.9564894,0.032396864
0.00875049,0.9488866,0.042363007
0.007066873,0.8017518,0.19118129
0.0106365485,0.8009448,0.18841861
0.011597335,0.74731606,0.24108657
0.015812594,0.42468116,0.55950624
0.009660338,0.7338248,0.25651482
0.019219097,0.48159134,0.49918956
0.009910789,0.8434151,0.14667416
0.020989439,0.46325976,0.5157508
0.018172609,0.5597664,0.422061
0.013164253,0.5572092,0.4296266
0.012112964,0.7985051,0.18938187
0.0169373,0.6683256,0.31473702
0.016061118,0.66708475,0.31685418
0.012936609,0.6535925,0.33347082
0.05002806,0.59719265,0.3527793
0.009311201,0.87159175,0.11909706
0.008192562,0.6088741,0.38293332
0.01175183,0.7780527,0.21019539
0.03806175,0.3127038,0.6492345
0.02146831,0.38111278,0.59741896
0.018379388,0.73896503,0.2426555
0.012158354,0.7631031,0.22473846
0.00920481,0.5534346,0.43736053
0.01846485,0.8493673,0.13216792
0.014050978,0.5967604,0.38918874
0.015740432,0.69022906,0.29403052
0.012237029,0.7908479,0.19691516
0.010983919,0.81952924,0.16948687
0.014939898,0.50603807,0.4790221
0.007531307,0.70452756,0.28794113
0.051404335,0.4648888,0.48370692
0.0067051277,0.95014954,0.043145284
0.00512383,0.9639593,0.030916838
0.0077679195,0.9697667,0.022465313
0.011586727,0.908906,0.07950723
0.007478529,0.743033,0.24948844
0.011739492,0.89289385,0.09536666
0.015425053,0.47361103,0.5109639
0.012456359,0.9273401,0.06020352
0.01629458,0.7660415,0.21766396
0.015318665,0.87346786,0.11121349
0.016055992,0.4014998,0.5824442
0.008208491,0.8860552,0.10573631
0.01661469,0.41431537,0.56907
0.012296352,0.7130976,0.27460605
0.0121732205,0.8199582,0.1678685
0.0061183586,0.8076007,0.18628094
0.010193434,0.87287235,0.11693422
0.014612437,0.59424865,0.39113882
0.018957485,0.51333284,0.4677097
0.011031797,0.84937215,0.1395961
0.014866647,0.7245737,0.26055965
0.22620243,0.23658878,0.5372088
0.005438294,0.86313874,0.13142297
0.016368432,0.7106706,0.2729609
0.0091035,0.96348476,0.027411751
0.012144158,0.6128458,0.37501004
0.03225025,0.52793014,0.43981966
0.17785308,0.1893982,0.6327487
0.00788801,0.4334429,0.55866903
0.008207378,0.9103534,0.081439294
0.029802553,0.5416941,0.42850336
0.007550937,0.9332054,0.059243605
0.023906402,0.82815766,0.14793582
0.025135385,0.38138965,0.5934749
0.009200885,0.9443822,0.04641696
0.02641921,0.43627602,0.53730476
0.02744543,0.34202394,0.6305307
0.042855944,0.3232781,0.6338659
0.013513516,0.7921468,0.19433974
0.018840779,0.55233485,0.4288243
0.018782774,0.8237994,0.15741788
0.025550812,0.4420606,0.53238857
0.006492172,0.95537204,0.03813586
0.017572196,0.7484922,0.23393555
0.015055733,0.73525655,0.24968772
0.011874864,0.8725109,0.11561416
0.029036717,0.60819995,0.36276332
0.008034906,0.9622721,0.029693035
0.018982984,0.57200193,0.4090151
0.015976772,0.5535465,0.43047675
0.010769905,0.55451965,0.4347104
0.018984094,0.83827525,0.14274056
0.0076189367,0.94151956,0.050861504
0.006838771,0.81625575,0.17690547
0.009078559,0.8106364,0.18028504
0.00936652,0.8231713,0.16746223
0.010574088,0.7787737,0.21065219
0.044159483,0.08853051,0.8673099
0.032931082,0.4180151,0.5490537
0.011034653,0.3068834,0.68208194
0.026268952,0.3365453,0.63718575
0.014432905,0.49472556,0.49084145
0.0180075,0.54144436,0.4405481
0.018896105,0.5407344,0.44036952
0.01758695,0.3696422,0.6127709
0.008986944,0.9505843,0.04042871
0.013256013,0.897622,0.08912199
0.004963667,0.90873486,0.08630144
0.014228408,0.40057945,0.5851921
0.018455224,0.78136927,0.20017552
0.010848981,0.69996446,0.28918657
0.037222777,0.20293167,0.75984555
0.0076415734,0.9363688,0.055989597
0.009992546,0.6828227,0.3071848
0.020170918,0.6510346,0.32879448
0.014998381,0.61282396,0.37217754
0.017459167,0.85689276,0.12564802
0.02172713,0.556136,0.42213687
0.017508572,0.75537324,0.22711816
0.0404059,0.3656072,0.5939869
0.0151941795,0.7950049,0.18980087
0.023989158,0.3725002,0.6035107
0.020479223,0.44014144,0.53937936
0.01684839,0.48829278,0.4948588
0.009627351,0.8971265,0.093246184
0.018513655,0.76229817,0.21918823
0.01382853,0.6269569,0.3592146
0.06515035,0.04022662,0.894623
0.0060465196,0.9737346,0.020218903
0.00858722,0.89461815,0.09679468
0.014817369,0.2948989,0.6902837
0.01812957,0.49951172,0.48235872
0.019077934,0.4656455,0.5152766
0.014469989,0.6098452,0.3756848
0.09172109,0.24234787,0.66593105
0.015178633,0.553688,0.43113336
0.019622521,0.46390843,0.51646906
0.043077666,0.29608935,0.66083306
0.015962726,0.6963846,0.28765267
0.017122103,0.64732254,0.33555537
0.012054334,0.8252933,0.16265233
0.0071156085,0.5800113,0.41287315
0.035949238,0.44794112,0.5161096
0.18023363,0.2052677,0.61449873
0.015665958,0.65954477,0.32478926
0.010466286,0.5542492,0.4352845
0.009791742,0.82594085,0.16426742
0.012907658,0.8895644,0.09752801
0.01632776,0.63251394,0.35115832
0.025140533,0.5656132,0.4092463
0.0063728583,0.47040874,0.5232184
0.031973492,0.40297112,0.5650553
0.02512733,0.1723661,0.8025066
0.015670152,0.44181028,0.5425195
0.020174174,0.5477509,0.432075
0.014547719,0.9096214,0.07583089
0.0142805,0.5459422,0.4397773
0.016302943,0.72070426,0.26299283
0.014340567,0.6675518,0.31810763
0.016517086,0.84287566,0.1406073
0.015021162,0.8611462,0.123832636
0.011466001,0.7210152,0.26751885
0.009577521,0.5832361,0.40718642
0.012500494,0.66569203,0.32180738
0.014059894,0.6309175,0.35502255
0.013427177,0.8749188,0.11165399
0.006043396,0.87487113,0.11908555
0.01042653,0.7434388,0.24613468
0.016946418,0.53466904,0.44838458
0.014202422,0.7673259,0.21847168
0.028451003,0.5561159,0.4154331
0.019174699,0.6004961,0.38032913
0.046884138,0.60306704,0.3500489
0.015392117,0.59438217,0.3902257
0.05425362,0.5002435,0.44550285
0.024818677,0.30488244,0.67029893
0.01985591,0.61133903,0.36880502
0.37242898,0.12581511,0.50175595
0.014712784,0.63329613,0.35199103
0.083791904,0.7174325,0.19877562
0.012055587,0.92170423,0.066240214
0.008165118,0.88504493,0.10678999
0.027736401,0.70813197,0.26413167
0.011013275,0.8073653,0.1816214
0.015286929,0.41418612,0.5705269
0.018227724,0.6394236,0.34234864
0.010459317,0.8289814,0.16055919
0.0075505488,0.95774317,0.034706283
0.056373782,0.3043691,0.63925713
0.011476268,0.67980474,0.30871892
0.011170276,0.7934506,0.19537911
0.0051099006,0.96648425,0.028405832
0.012848969,0.51427317,0.47287783
0.048630066,0.22475928,0.72661066
0.010812904,0.626374,0.3628131
0.054022625,0.4075677,0.53840965
0.00839625,0.9164351,0.07516871
0.013203989,0.39982417,0.5869719
0.013220471,0.8801288,0.106650665
0.016475989,0.63760424,0.34591973
0.056568883,0.4960473,0.44738382
0.02242534,0.5705157,0.40705898
0.014293605,0.7717212,0.21398517
0.0095103,0.58895403,0.40153563
0.050821498,0.1976849,0.75149363
0.0148058515,0.8479807,0.13721347
0.016575994,0.6854061,0.2980179
0.010090777,0.7066581,0.28325105
0.008320949,0.8638588,0.12782022
0.009193945,0.70240575,0.28840032
0.02036735,0.50097877,0.47865385
0.019123923,0.30401075,0.6768653
0.014944788,0.3838474,0.6012079
0.04209837,0.42320922,0.53469247
0.03491639,0.5737859,0.39129773
0.014677602,0.57653004,0.40879238
0.008596139,0.9187136,0.072690144
0.017494826,0.5926204,0.38988483
0.058131747,0.4256152,0.51625305
0.014919679,0.6420031,0.34307715
0.025859378,0.37183607,0.6023046
0.008851093,0.8950736,0.09607537
0.018580236,0.8643417,0.11707809
0.017772732,0.77949333,0.2027339
0.01496827,0.64728916,0.33774254
0.017667996,0.55603266,0.42629936
0.017078066,0.75571567,0.2272063
0.010696745,0.37155426,0.61774904
0.032368824,0.47208753,0.49554375
0.007863344,0.82884145,0.1632952
0.027089579,0.39802924,0.57488114
0.037141718,0.3336527,0.6292056
0.014715097,0.37932265,0.6059622
0.03776807,0.34258333,0.6196486
0.011569659,0.9209554,0.06747494
0.035336673,0.27680355,0.6878598
0.018202327,0.5494661,0.4323316
0.012910121,0.5863127,0.40077722
0.015860833,0.87625223,0.10788694
0.009685476,0.7028623,0.28745222
0.010294417,0.90172017,0.087985374
0.018337576,0.45123,0.53043246
0.0121980775,0.9212924,0.06650942
0.013774052,0.8807906,0.10543545
0.040933147,0.6050488,0.35401806
0.07055641,0.7374852,0.19195834
0.015357036,0.60855526,0.37608773
0.00780478,0.8019645,0.19023064
0.009448612,0.64376694,0.34678438
0.012981203,0.3069912,0.6800276
0.024661513,0.36532584,0.6100127
0.14211993,0.1311613,0.7267188
0.0223939,0.48684546,0.4907606
0.11522284,0.329121,0.5556562
0.0060132607,0.5813797,0.412607
0.014879218,0.77512234,0.20999846
0.055261586,0.33163717,0.6131013
0.055033766,0.2945944,0.65037185
0.03207501,0.43695623,0.5309687
0.022022652,0.44216207,0.53581536
0.013033355,0.7843687,0.20259802
0.0066017876,0.789505,0.20389326
0.026566846,0.33667773,0.6367554
0.015677154,0.43355334,0.55076957
0.025552092,0.6127583,0.3616897
0.023375638,0.4996017,0.47702274
0.02151169,0.6936077,0.28488058
0.018453818,0.69445014,0.28709602
0.015122554,0.5818683,0.40300918
0.013389722,0.5045057,0.48210454
0.011771714,0.58204234,0.40618593
0.010886944,0.6401741,0.34893897
0.022630138,0.540887,0.43648294
0.012375307,0.55982476,0.4277999
0.027127333,0.7143605,0.25851226
0.046919227,0.5906685,0.36241218
0.038082536,0.43675697,0.5251605
0.015340835,0.6215092,0.36314988
0.017844243,0.7644463,0.2177094
0.0060103275,0.9509375,0.043052092
0.010686501,0.57401985,0.41529366
0.095053844,0.35457966,0.5503665
0.009312718,0.96450496,0.026182307
0.021140184,0.54428166,0.43457815
0.016530538,0.7748535,0.20861588
0.004387453,0.8880989,0.10751365
0.03447315,0.82033837,0.14518848
0.00910838,0.54291457,0.4479771
0.010591008,0.7547975,0.23461157
0.012525519,0.7275957,0.25987878
0.059449982,0.24299625,0.69755375
0.022131411,0.67996097,0.29790753
0.01776351,0.7620501,0.22018635
0.023861932,0.5824965,0.39364156
0.017172778,0.5513468,0.43148038
0.012140207,0.64569396,0.34216586
0.06335656,0.24160323,0.6950402
0.016587397,0.755429,0.22798356
0.026178079,0.49525258,0.4785694
0.010325374,0.8335664,0.15610822
0.0119256005,0.90537584,0.0826985
0.010903952,0.61872524,0.3703708
0.035987332,0.38040623,0.5836065
0.0108553,0.7669098,0.2222349
0.011472321,0.58561784,0.40290985
0.019258622,0.74355,0.23719132
0.008623425,0.97359854,0.01777804
0.010087346,0.8213121,0.16860051
0.012563815,0.5806403,0.40679583
0.012519963,0.8603167,0.12716338
0.009886794,0.7653724,0.22474074
0.027476111,0.76383775,0.20868619
0.019330852,0.48048648,0.5001827
0.014126651,0.8667023,0.119171
0.0066717197,0.59101313,0.40231514
0.14045295,0.2149687,0.6445784
0.0071174735,0.8656106,0.12727195
0.008789786,0.9580736,0.033136576
0.016804408,0.58026266,0.40293294
0.017624995,0.56328917,0.41908586
0.045402236,0.63505954,0.31953824
0.008420199,0.7967924,0.19478741
0.01355491,0.6715846,0.31486055
0.018234428,0.54393226,0.4378333
0.023016928,0.53945714,0.437526
0.013731631,0.6270871,0.35918126
0.0091624595,0.82484674,0.1659908
0.0478498,0.4991352,0.45301494
0.008057824,0.94709605,0.04484603
0.011513131,0.93369114,0.054795746
0.01824497,0.48495063,0.49680442
0.030486086,0.27437678,0.6951371
0.009633693,0.56758785,0.4227785
0.008306045,0.9562046,0.035489418
0.020551238,0.63191605,0.3475327
0.16672724,0.24909368,0.5841791
0.009012655,0.9193378,0.0716496
0.01909055,0.50721115,0.47369832
0.01633018,0.53046125,0.4532086
0.018053697,0.6334568,0.34848946
0.010187547,0.55040544,0.43940702
0.028471617,0.4942318,0.47729656
0.0078047924,0.9278162,0.064379044
0.015595426,0.7537314,0.23067316
0.018807374,0.453353,0.5278397
0.007835354,0.9299045,0.062260218
0.0071327374,0.82675546,0.16611181
0.0121826045,0.8881289,0.09968848
0.02675022,0.9416242,0.03162551
0.045149177,0.26904923,0.6858016
0.10122425,0.12467572,0.77410007
0.008183564,0.96760535,0.024211135
0.011753702,0.6702936,0.3179526
0.028754342,0.5430767,0.42816892
0.008132015,0.96875024,0.023117693
0.023428025,0.6667121,0.3098598
0.012925735,0.59349865,0.39357564
0.0074707074,0.91912836,0.07340089
0.015379392,0.6351344,0.34948623
0.008037285,0.7763497,0.21561304
0.01295977,0.47437072,0.51266956
0.022211049,0.43041852,0.54737043
0.017891467,0.7151681,0.26694041
0.03508488,0.07497652,0.88993865
0.01708833,0.7339704,0.24894123
0.0064487304,0.86677736,0.12677397
0.012005252,0.4782032,0.50979155
0.01793127,0.42901748,0.55305123
0.0660699,0.2901948,0.6437353
0.0145638725,0.7229316,0.2625045
0.0112336995,0.56229424,0.42647207
0.011279743,0.70846343,0.28025684
0.010725181,0.7615886,0.22768624
0.011804781,0.61973774,0.36845756
0.018631676,0.49828056,0.4830878
0.012898286,0.80568373,0.18141805
0.01717016,0.71778303,0.26504678
0.019887727,0.6216868,0.3584254
0.07327095,0.6624469,0.26428208
0.02585347,0.832975,0.1411715
0.013548316,0.56369805,0.4227537
0.010400657,0.92393607,0.06566319
0.010996077,0.86847043,0.120533414
0.009763964,0.36950836,0.6207277
0.02391454,0.7458508,0.23023462
0.019489102,0.86029947,0.12021147
0.007346752,0.8231873,0.16946591
0.0056302347,0.91160893,0.08276087
0.013880287,0.67707855,0.30904114
0.02265034,0.60922724,0.3681224
0.012375367,0.7455092,0.24211541
0.044122115,0.28323808,0.6726398
0.03480626,0.46302423,0.50216955
0.015088237,0.91169006,0.07322174
0.013345917,0.91280454,0.07384951
0.0249083,0.5080686,0.46702316
0.039811965,0.57091105,0.38927704
0.024877045,0.50373906,0.47138393
0.039356768,0.2675701,0.69307315
0.009400443,0.8758589,0.114740714
0.013830109,0.39675504,0.5894148
0.018119246,0.8681609,0.11371992
0.016786337,0.3577626,0.625451
0.010617389,0.74850285,0.24087974
0.009506508,0.9002135,0.09028
0.030310884,0.51368624,0.45600295
0.01504423,0.86291623,0.12203956
0.0065622283,0.26468536,0.72875243
0.01877998,0.6458458,0.33537418
0.019318316,0.6164259,0.36425582
0.013592785,0.6679848,0.31842238
0.026440438,0.62727773,0.34628174
0.00897674,0.8418749,0.14914836
0.01551218,0.5891644,0.39532351
0.0053251865,0.9570224,0.037652362
0.021607019,0.6157028,0.36269012
0.01749818,0.7822402,0.2002616
0.11077157,0.51568645,0.37354192
0.016158378,0.9092539,0.074587755
0.010069603,0.8388512,0.15107918
0.012929753,0.6617329,0.32533732
0.017577562,0.59372103,0.3887014
0.010053115,0.7086234,0.2813235
0.014665956,0.66739005,0.31794396
0.0105458,0.8754503,0.11400389
0.14314803,0.16543454,0.6914174
0.042595807,0.3958028,0.56160134
0.011068399,0.9484202,0.040511355
0.022776868,0.809908,0.16731517
0.02516876,0.41685236,0.5579789
0.040209573,0.5354209,0.42436957
0.014238214,0.7987756,0.18698621
0.022487434,0.43700755,0.54050505
0.023400044,0.38550746,0.5910925
0.12635747,0.23431736,0.63932514
0.01580498,0.52908784,0.45510712
0.019268934,0.74459225,0.23613882
0.011002073,0.92255014,0.06644785
0.012842794,0.93687433,0.050282877
0.012903829,0.6974424,0.28965378
0.027190214,0.39487168,0.5779381
0.011180502,0.46143225,0.5273872
0.015061618,0.5877809,0.3971575
0.021619033,0.49614212,0.48223886
0.034221794,0.45030272,0.5154755
0.016159907,0.5390544,0.4447857
0.008879654,0.96629524,0.024825143
0.0140687665,0.50656694,0.47936428
0.0127166,0.66244894,0.3248345
0.021450082,0.80509305,0.17345688
0.020823402,0.5405698,0.43860686
0.017879749,0.6619009,0.32021937
0.02756731,0.16863978,0.8037929
0.013920156,0.8698169,0.11626296
0.017318705,0.47342947,0.50925183
0.03240878,0.4949929,0.47259834
0.015623456,0.4149316,0.5694449
0.0062640184,0.9255342,0.06820183
0.007489216,0.7688576,0.22365314
0.020652467,0.5543486,0.42499888
0.016079184,0.37931976,0.604601
0.025105808,0.31828454,0.6566096
0.009173754,0.86467665,0.12614956
0.019938366,0.41752604,0.56253564
0.02346288,0.661807,0.31473014
0.016400479,0.5010816,0.482518
0.012165518,0.94021875,0.04761576
0.0148137985,0.8857868,0.099399395
0.015333234,0.6301473,0.35451952
0.012463181,0.74337924,0.24415761
0.013925395,0.3837277,0.6023469
0.01460901,0.5901631,0.39522785
0.009490015,0.942353,0.048157003
0.030968703,0.51218617,0.4568451
0.01835628,0.427957,0.5536867
0.008971453,0.9721671,0.01886144
0.045209453,0.28002524,0.6747653
0.029009996,0.38517955,0.5858105
0.006674936,0.32653514,0.66678995
0.051483788,0.16179794,0.7867183
0.022433175,0.3111864,0.66638035
0.020817256,0.4500268,0.5291559
0.011642695,0.9167957,0.07156163
0.0042132447,0.72377527,0.27201152
0.07480248,0.24205948,0.683138
0.0073455367,0.94944793,0.04320644
0.009400257,0.9318813,0.058718488
0.044021927,0.2663535,0.6896246
0.008374424,0.941815,0.049810536
0.0037971996,0.90635073,0.08985206
0.005635764,0.90481347,0.08955078
0.006807594,0.6630228,0.33016956
0.043959804,0.38395384,0.57208633
0.025151165,0.46782207,0.50702673
0.010245947,0.80154335,0.18821065
0.008283659,0.89583856,0.09587783
0.020183455,0.55915576,0.42066073
0.019346956,0.46048206,0.5201709
0.011769626,0.82598686,0.16224347
0.01316557,0.67182696,0.31500745
0.016760118,0.741315,0.24192487
0.015498428,0.560845,0.4236566
0.022470737,0.60631603,0.37121326
0.03291869,0.5693555,0.39772582
0.007632279,0.8733582,0.119009584
0.029885085,0.30845472,0.66166013
0.015260723,0.45445976,0.5302796
0.058112517,0.15165408,0.7902334
0.02715081,0.43156222,0.5412869
0.018690458,0.42773435,0.55357516
0.0073239724,0.9666764,0.025999635
0.019961003,0.57390755,0.4061314
0.019833142,0.8275501,0.15261674
0.019900067,0.84218204,0.13791788
0.06011319,0.28226143,0.65762544
0.036747415,0.41790935,0.5453433
0.017568221,0.8802251,0.10220674
0.13299452,0.1970992,0.66990626
0.040412188,0.34601155,0.6135763
0.01817271,0.8677015,0.1141258
0.013345924,0.80275154,0.18390259
0.026991453,0.48009008,0.4929185
0.096345685,0.2939218,0.6097325
0.017646255,0.71290636,0.26944742
0.016694477,0.65599513,0.32731038
0.010795183,0.7374422,0.2517626
0.020114731,0.5456273,0.434258
0.010185494,0.6598199,0.3299946
0.013909827,0.87831867,0.10777155
0.007372475,0.6684263,0.32420126
0.011014526,0.8401951,0.14879039
0.015051953,0.85515326,0.12979479
0.010702561,0.7239347,0.26536277
0.024880609,0.55080855,0.42431092
0.010767476,0.74046,0.24877258
0.004072783,0.9127824,0.083144896
0.017597781,0.59622926,0.38617298
0.05449501,0.565564,0.37994105
0.017653624,0.6671866,0.3151597
0.006937214,0.8228791,0.17018375
0.01332086,0.7418264,0.24485274
0.008681738,0.81669855,0.17461978
0.012485817,0.7259721,0.26154202
0.02027371,0.7151775,0.26454878
0.18320674,0.121928394,0.69486487
0.0081294235,0.82048386,0.17138673
0.035053566,0.049884956,0.9150614
0.00652371,0.33816832,0.655308
0.031245362,0.3170334,0.65172124
0.005817323,0.94130206,0.05288067
0.016704874,0.6556904,0.32760474
0.012436983,0.60460204,0.38296098
0.012779725,0.7977744,0.18944588
0.008458741,0.8738036,0.11773766
0.011345213,0.54720396,0.4414508
0.010314643,0.5005387,0.48914662
0.06017604,0.3280319,0.61179197
0.0141614005,0.48428997,0.50154865
0.0128200445,0.5418472,0.44533265
0.015327897,0.8308874,0.15378478
0.008224708,0.83838075,0.15339456
0.012013639,0.94245076,0.045535535
0.24275012,0.10018039,0.6570695
0.2411315,0.3790974,0.37977108
0.016421575,0.7157558,0.26782256
0.025480285,0.5041973,0.47032243
0.008998675,0.43433464,0.55666673
0.008690272,0.77472734,0.21658239
0.012164477,0.68334997,0.30448556
0.021814195,0.8382717,0.13991414
0.0141133275,0.3797122,0.6061745
0.013552932,0.5027584,0.4836887
0.014841388,0.5995954,0.38556316
0.018457511,0.66617393,0.31536856
0.006421938,0.8868125,0.10676549
0.00962322,0.86475575,0.12562099
0.029136823,0.48921177,0.48165146
0.024600515,0.34407914,0.6313203
0.02070947,0.5198717,0.4594189
0.029183358,0.7084903,0.26232636
0.007129825,0.9233185,0.069551684
0.040752254,0.6330232,0.32622457
0.011591454,0.77611226,0.21229626
0.008313585,0.95522934,0.036457118
0.011039187,0.6219527,0.36700815
0.030193526,0.53152823,0.43827826
0.014842499,0.6210404,0.36411712
0.010892529,0.88489246,0.10421499
0.008955221,0.92803645,0.0630083
0.010783472,0.8374056,0.15181087
0.008719338,0.86379594,0.12748477
0.016957523,0.614005,0.36903742
0.007701746,0.9697473,0.022551034
0.008130174,0.9590931,0.03277673
0.022555323,0.56101584,0.41642883
0.012472747,0.91197413,0.07555313
0.04332259,0.3772086,0.5794688
0.03802385,0.35445362,0.60752255
0.009486147,0.95731026,0.033203583
0.036382932,0.56698304,0.39663404
0.019902924,0.28669032,0.6934068
0.3917412,0.16623645,0.44202244
0.01970462,0.50798213,0.47231323
0.014237966,0.6277938,0.3579683
0.015559578,0.28400058,0.7004399
0.15069786,0.34347928,0.5058229
0.0137209715,0.65173465,0.33454448
0.018518792,0.49849814,0.48298308
0.010392235,0.7967418,0.19286603
0.027986366,0.7244735,0.24754022
0.01857019,0.8505317,0.13089803
0.013017526,0.5607898,0.42619273
0.035815578,0.2300835,0.73410094
0.01972144,0.35306612,0.62721246
0.017314589,0.4920358,0.49064958
0.015768202,0.8573003,0.12693158
0.0064617833,0.9466222,0.04691596
0.012551243,0.5159523,0.47149655
0.012577831,0.7756522,0.21177
0.015733866,0.85747045,0.12679565
0.01951965,0.37576494,0.60471547
0.008938557,0.7466835,0.24437799
0.01820079,0.59743696,0.3843622
0.010116558,0.8276643,0.16221915
0.012533558,0.67808264,0.30938378
0.0052601746,0.9639586,0.03078126
0.079726115,0.34692883,0.57334507
0.010256393,0.6479709,0.3417727
0.02854479,0.34421915,0.62723607
0.011688251,0.9027503,0.08556145
0.072220325,0.52126086,0.40651885
0.016643522,0.7202808,0.2630757
0.045532078,0.40659413,0.54787385
0.03606109,0.3573062,0.6066327
0.008317251,0.93799996,0.05368269
0.034994286,0.46237093,0.50263476
0.09820846,0.1865999,0.71519166
0.0082629435,0.57636726,0.41536987
0.0105623845,0.9216244,0.06781318
0.0122788185,0.7175921,0.27012902
0.011757854,0.94281524,0.0454269
0.030538658,0.9063869,0.063074484
0.020767145,0.5602267,0.41900614
0.02646445,0.54487497,0.42866063
0.012740139,0.6994575,0.28780228
0.011809709,0.8197211,0.16846912
0.011097481,0.8078673,0.18103524
0.017173177,0.60670817,0.3761186
0.055119462,0.432127,0.5127535
0.0144351795,0.7712953,0.21426944
0.019527692,0.40560752,0.5748648
0.027340105,0.44294232,0.52971756
0.009299181,0.7282818,0.26241907
0.009234471,0.829732,0.16103345
0.015966276,0.54938173,0.434652
0.013344473,0.9023405,0.0843151
0.01978106,0.49010125,0.4901176
0.009102447,0.87080264,0.12009493
0.049277794,0.45187795,0.4988442
0.008087664,0.9504579,0.04145444
0.009954505,0.91434354,0.07570199
0.45720962,0.029654581,0.51313585
0.02838601,0.35185722,0.6197568
0.015435385,0.54593295,0.43863165
0.010701522,0.8170784,0.1722201
0.07793454,0.14484009,0.77722543
0.014268047,0.58799154,0.39774048
0.010401435,0.20640661,0.783192
0.010177631,0.77859616,0.21122621
0.01753564,0.7518975,0.23056684
0.012295595,0.78871155,0.19899291
0.026475068,0.5142849,0.45924005
0.011805817,0.8251864,0.16300774
0.007690614,0.9326647,0.059644785
0.01628054,0.8923804,0.091339074
0.018473407,0.553688,0.42783853
0.014715568,0.47265893,0.5126255
0.010232516,0.5101717,0.4795958
0.011367591,0.36558142,0.623051
0.018064117,0.41192043,0.57001543
0.011584958,0.8851707,0.10324431
0.0065550082,0.9603195,0.033125587
0.020731451,0.57542294,0.4038456
0.013601858,0.8557385,0.13065957
0.0152920075,0.4923835,0.4923244
0.017254764,0.4413324,0.54141283
0.04178723,0.47767815,0.48053467
0.01902301,0.6251656,0.35581145
0.018344138,0.8367101,0.1449457
0.0058221766,0.93720895,0.05696886
0.0097146565,0.45362803,0.53665733
0.012022491,0.63508695,0.35289064
0.020841803,0.681198,0.2979602
0.021055562,0.3421666,0.6367778
0.01391311,0.5130915,0.47299537
0.010029929,0.9236938,0.066276304
0.012070488,0.4594305,0.52849907
0.0149968555,0.7662841,0.2187191
0.017516788,0.48485166,0.49763155
0.03718513,0.50234026,0.46047464
0.048742246,0.37993196,0.57132584
0.054958094,0.4198711,0.5251708
0.02032417,0.381066,0.5986098
0.0128291575,0.7804182,0.20675263
0.02359109,0.56187826,0.41453063
0.0070546786,0.9296289,0.06331636
0.020976597,0.65283984,0.32618356
0.019154169,0.687788,0.29305777
0.012897116,0.6440476,0.3430553
0.01747262,0.5513065,0.43122095
0.08735478,0.38000283,0.5326424
0.14514348,0.31413108,0.54072547
0.018179202,0.5057712,0.4760496
0.016589055,0.6877314,0.2956795
0.039019164,0.45640627,0.5045746
0.015071815,0.85554093,0.12938718
0.010732467,0.7322855,0.2569821
0.01001089,0.90906173,0.08092745
0.0049659237,0.51438874,0.48064533
0.018247668,0.5645292,0.4172232
0.013696222,0.90313125,0.083172604
0.01441387,0.272956,0.71263015
0.14451748,0.16322204,0.6922605
0.00784099,0.8850586,0.10710047
0.03565242,0.34315854,0.621189
0.02007047,0.6067732,0.37315634
0.18465346,0.12033153,0.69501495
0.0180058,0.5466686,0.43532556
0.02816355,0.41644508,0.5553914
0.009251237,0.8985992,0.09214955
0.13945186,0.2931644,0.5673837
0.023676826,0.56711274,0.4092105
0.018791122,0.49559024,0.4856187
0.01462216,0.3089471,0.67643076
0.0095554385,0.8162933,0.17415127
0.013386373,0.8005724,0.18604127
0.018244412,0.86819863,0.113556944
0.011824442,0.7077569,0.28041866
0.01009571,0.86733174,0.12257256
0.017302979,0.66358125,0.3191158
0.007406258,0.96202624,0.030567413
0.01961977,0.41774297,0.5626372
0.009380677,0.7184685,0.27215087
0.0065502417,0.95811105,0.035338722
0.012075939,0.43803522,0.54988885
0.011496991,0.844869,0.14363402
0.071044296,0.75165457,0.17730111
0.013550173,0.67032886,0.31612098
0.019956455,0.6567712,0.32327235
0.009044873,0.9291573,0.061797824
0.02101368,0.47123417,0.5077521
0.02320642,0.51231295,0.4644806
0.016044011,0.6316603,0.35229573
0.014442458,0.679187,0.3063706
0.02046199,0.5228968,0.4566412
0.013348552,0.3706957,0.61595565
0.0083175935,0.9719034,0.019779041
0.0135539295,0.48269594,0.50375015
0.009249896,0.55005044,0.44069967
0.025119409,0.40441728,0.5704633
0.012091825,0.8712626,0.11664559
0.013383064,0.5607979,0.42581904
0.17436916,0.05350038,0.7721305
0.013396686,0.748754,0.2378493
0.0091144815,0.8194828,0.17140275
0.032728393,0.57884115,0.38843042
0.007855414,0.94893426,0.043210343
0.038250547,0.49730155,0.46444783
0.02264291,0.6529094,0.3244477
0.010413464,0.9384958,0.051090695
0.01401679,0.5598827,0.42610052
0.025547944,0.88172925,0.09272286
0.03446351,0.32707426,0.6384622
0.0067512975,0.9356512,0.05759753
0.014333467,0.5807671,0.4048994
0.019875,0.43081358,0.5493114
0.0059245387,0.8353382,0.15873735
0.02334783,0.26883993,0.7078122
0.030480172,0.38057533,0.5889445
0.2589053,0.18673274,0.554362
0.01447793,0.48632535,0.49919668
0.17173746,0.41344497,0.41481754
0.020246534,0.6634072,0.31634626
0.012495057,0.4133358,0.57416916
0.015411497,0.6894946,0.29509386
0.018349072,0.67874354,0.30290732
0.013131429,0.5898635,0.397005
0.007072149,0.9217741,0.0711538
0.013627846,0.50858873,0.47778338
0.035239346,0.40788737,0.5568733
0.008488085,0.75888723,0.23262466
0.016802577,0.55493367,0.4282637
0.007777357,0.89940244,0.09282025
0.013602379,0.5482496,0.43814802
0.01545303,0.6931082,0.2914388
0.011218761,0.5229827,0.4657985
0.00808992,0.94924855,0.0426616
0.006842918,0.8754409,0.11771618
0.018026894,0.51504034,0.46693277
0.027337424,0.6309114,0.34175122
0.012106186,0.72168076,0.26621303
0.055272967,0.2767542,0.66797286
0.01335573,0.7621548,0.22448952
0.017265527,0.57899183,0.40374264
0.0051588654,0.9561777,0.038663402
0.0059087845,0.88454956,0.10954165
0.01127846,0.5580736,0.430648
0.017148577,0.46061376,0.5222377
0.028765582,0.5198529,0.45138153
0.02322185,0.22830938,0.7484688
0.011905642,0.5914328,0.39666155
0.044435747,0.38575283,0.5698114
0.0150825875,0.773147,0.21177037
0.007079211,0.9565685,0.03635232
0.008805018,0.95468795,0.036506977
0.013356894,0.60635215,0.38029093
0.020106165,0.51202554,0.4678683
0.007897947,0.9653687,0.026733276
0.009102868,0.9307706,0.06012659
0.0074443687,0.84175104,0.15080462
0.07797241,0.29555854,0.626469
0.009981666,0.5668535,0.42316484
0.010829053,0.90876245,0.08040849
0.013455741,0.7054901,0.2810542
0.030350529,0.76411474,0.20553479
0.0073437598,0.83184725,0.16080901
0.008853188,0.8596965,0.13145031
0.026905177,0.31606868,0.6570261
0.015804034,0.8447287,0.13946724
0.0093112085,0.85000867,0.14068009
0.008274776,0.9442082,0.04751711
0.023220092,0.7684157,0.20836426
0.01076121,0.6952616,0.29397723
0.011293501,0.5242106,0.46449593
0.012828872,0.5885666,0.39860454
0.011186709,0.7982089,0.19060446
0.0089791175,0.8856994,0.10532148
0.016909936,0.58257675,0.4005133
0.014296575,0.46036845,0.52533495
0.017622456,0.46900842,0.51336914
0.012936354,0.8986056,0.08845799
0.040507644,0.783542,0.17595048
0.014710153,0.7063588,0.27893102
0.01586783,0.522519,0.46161312
0.032108843,0.32041824,0.64747286
0.0155371325,0.65977424,0.3246886
0.0069064815,0.9454051,0.047688503
0.014849135,0.45207664,0.5330742
0.016159836,0.69736165,0.28647852
0.016673997,0.42469904,0.558627
0.01083917,0.9063192,0.08284155
0.006979933,0.9654559,0.027564118
0.011904114,0.53045857,0.45763728
0.0100175375,0.75991756,0.2300649
0.014852436,0.58331627,0.4018314
0.04297454,0.32023782,0.63678765
0.031306237,0.6100245,0.35866925
0.0132222315,0.64321727,0.34356052
0.024648871,0.48658466,0.4887664
0.0148951225,0.75072604,0.23437887
0.043759476,0.46101215,0.49522838
0.013404596,0.6689546,0.3176408
0.009752133,0.94576776,0.044480123
0.009581943,0.8999322,0.09048592
0.020775653,0.68719923,0.29202518
0.041728675,0.5423668,0.41590455
0.008535583,0.9220535,0.0694108
0.016627861,0.67924505,0.3041271
0.011326915,0.7709338,0.21773927
0.036441833,0.44077513,0.5227831
0.01050506,0.8527471,0.13674787
0.042882953,0.60050035,0.3566167
0.008163489,0.90390897,0.08792757
0.014735358,0.80804193,0.17722265
0.009121917,0.6335224,0.35735568
0.25325924,0.019590052,0.7271507
0.010528948,0.6410238,0.34844723
0.025622709,0.5911145,0.38326272
0.0059979316,0.92965674,0.064345375
0.0133877415,0.8216385,0.16497374
0.0066651176,0.9482895,0.04504537
0.052968998,0.270506,0.67652506
0.016789006,0.6399195,0.34329143
0.015750235,0.8965459,0.08770394
0.01523731,0.7532934,0.23146933
0.013515661,0.59340435,0.39308006
0.017453605,0.43236265,0.5501837
0.01905725,0.6401931,0.3407496
0.027874399,0.64993083,0.32219473
0.00958507,0.669812,0.32060286
0.059204563,0.22643541,0.71436
0.013710939,0.85174906,0.13453998
0.012709363,0.691989,0.29530162
0.0150101585,0.5083448,0.47664502
0.015831128,0.48076385,0.503405
0.008208774,0.91048914,0.08130205
0.015847472,0.523534,0.4606185
0.011692559,0.83859295,0.14971453
0.022332963,0.59296423,0.3847028
0.013836515,0.9175221,0.06864139
0.0076648286,0.9511836,0.04115159
0.010201443,0.87665945,0.11313907
0.025543548,0.33052158,0.6439349
0.020107403,0.33809268,0.64179987
0.012130694,0.80824536,0.17962393
0.009781715,0.9129683,0.07725
0.013458587,0.66827106,0.31827033
0.011767577,0.5512216,0.43701082
0.06808182,0.3185407,0.61337745
0.012690059,0.822905,0.1644049
0.018908456,0.2440661,0.7370255
0.007828293,0.9702233,0.021948343
0.015613665,0.49715525,0.487231
0.02108907,0.649774,0.32913688
0.009021168,0.71025026,0.28072858
0.01582825,0.8865801,0.09759173
0.027234986,0.4830438,0.48972115
0.017394159,0.5490131,0.43359277
0.010258363,0.8064431,0.18329859
0.012414598,0.90364397,0.08394144
0.008714575,0.6377179,0.35356757
0.020752365,0.84121054,0.13803709
0.030614924,0.42893708,0.540448
0.014324181,0.6624647,0.32321116
0.01111527,0.854761,0.13412377
0.15696351,0.63069123,0.21234532
0.019845888,0.5814646,0.3986895
0.016386798,0.67989373,0.3037195
0.009947841,0.85614264,0.13390952
0.031981602,0.52362835,0.44439006
0.034223396,0.788987,0.1767897
0.019397294,0.43056932,0.55003333
0.009851815,0.9191628,0.07098536
0.0558065,0.48931405,0.45487952
0.008180183,0.9544151,0.03740476
0.016231606,0.63498163,0.3487868
0.011122748,0.7867175,0.20215976
0.011309089,0.55405694,0.43463397
0.004408591,0.8814513,0.11414006
0.020125974,0.78635687,0.19351712
0.02463765,0.4601699,0.5151924
0.026091993,0.6615052,0.31240276
0.18645917,0.64798176,0.1655591
0.025910761,0.4655307,0.5085586
0.009386641,0.52580774,0.4648057
0.08372818,0.5889647,0.32730716
0.015554065,0.55916727,0.42527872
0.048902445,0.5244421,0.4266555
0.0070603397,0.5564637,0.43647593
0.0236504,0.59640026,0.37994936
0.04983353,0.23161535,0.7185511
0.009829493,0.94429266,0.0458778
0.014719494,0.58772326,0.3975573
0.025911601,0.75260645,0.22148193
0.0067714667,0.9621272,0.031101327
0.009437044,0.83318406,0.15737894
0.017368823,0.6651533,0.31747782
0.01734254,0.5137886,0.46886882
0.014158446,0.85290736,0.13293423
0.02317809,0.5370605,0.43976146
0.0076276683,0.84644645,0.14592588
0.017243952,0.55321884,0.42953712
0.0077365288,0.96499056,0.027272893
0.01156573,0.9086587,0.07977556
0.01548491,0.45666498,0.52785015
0.021844676,0.7315899,0.24656542
0.013684704,0.7418324,0.24448295
0.011794457,0.7430635,0.2451421
0.0068467287,0.7207716,0.2723817
0.030831018,0.51165044,0.45751855
0.032235887,0.41535583,0.55240834
0.013009213,0.4637045,0.5232863
0.016016062,0.8030558,0.18092802
0.052432436,0.48980403,0.45776358
0.024810715,0.53322405,0.44196525
0.015346101,0.6914105,0.29324344
0.019170899,0.8220675,0.15876158
0.021992086,0.48208532,0.4959226
0.012753245,0.48911297,0.4981338
0.034966044,0.4547705,0.5102634
0.009515511,0.71292627,0.27755815
0.008274579,0.9409265,0.050798934
0.026438238,0.38779098,0.5857707
0.018622,0.7661604,0.21521762
0.026985394,0.45237806,0.5206365
0.0099148955,0.9268368,0.063248284
0.030255947,0.33371785,0.6360262
0.014448867,0.71608746,0.26946366
0.008211113,0.95640707,0.03538183
0.0078956215,0.63615894,0.35594547
0.17413637,0.13342877,0.69243485
0.0029865247,0.9568635,0.040150017
0.3098495,0.04293365,0.6472169
0.0074146483,0.5352508,0.45733446
0.013466425,0.88161236,0.10492115
0.011467933,0.6322664,0.35626563
0.01389715,0.7749656,0.2111372
0.014419736,0.628347,0.35723326
0.026514998,0.52732414,0.4461609
0.02407277,0.45921972,0.51670754
0.0066867685,0.9147172,0.078596085
0.010197407,0.7199406,0.2698621
0.020259693,0.41560152,0.56413877
0.007881339,0.8463039,0.14581482
0.029520014,0.35042378,0.6200562
0.0063636857,0.8333361,0.1603002
0.004325111,0.9526827,0.042992193
0.012275067,0.6394714,0.34825343
0.030331578,0.36607778,0.60359067
0.015193254,0.6343333,0.35047346
0.0066207275,0.80073315,0.19264609
0.010823092,0.6359629,0.35321397
0.02470871,0.5510696,0.4242216
0.066065334,0.41078877,0.5231459
0.009127496,0.45582378,0.5350487
0.016131023,0.57827246,0.40559644
0.0070890556,0.95558167,0.037329223
0.010763146,0.90715593,0.08208099
0.012994516,0.3502077,0.63679785
0.053442262,0.5803466,0.36621115
0.010880361,0.7054984,0.28362128
0.009492216,0.8388291,0.15167868
0.0075657917,0.6981523,0.29428193
0.008050479,0.4922973,0.49965215
0.012283552,0.67916876,0.30854768
0.020285366,0.09491188,0.88480276
0.007544284,0.8991766,0.09327918
0.01288265,0.49834338,0.48877403
0.02084819,0.41663295,0.56251884
0.014543123,0.59556925,0.38988772
0.01633647,0.67646986,0.30719367
0.015130286,0.6135953,0.3712744
0.009421368,0.50603884,0.48453978
0.08065225,0.38109607,0.53825176
0.09982414,0.3418359,0.55833995
0.009544385,0.6042685,0.3861871
0.041550435,0.46377587,0.4946736
0.030846624,0.48618677,0.48296663
0.0068366723,0.82698184,0.1661814
0.0246399,0.27802184,0.6973382
0.011660127,0.81461114,0.17372875
0.0119573185,0.8629874,0.12505528
0.010016332,0.8111404,0.17884327
0.013151012,0.57272094,0.4141281
0.023075018,0.39905092,0.57787406
0.011834138,0.62661064,0.36155516
0.01846001,0.6476085,0.33393145
0.009763356,0.84978545,0.14045118
0.019251551,0.4891844,0.49156398
0.012323508,0.5115862,0.47609028
0.009097398,0.87390685,0.11699576
0.16496292,0.2604795,0.57455754
0.006516728,0.95058,0.04290331
0.013646929,0.6124968,0.3738563
0.033300262,0.31744337,0.6492564
0.0407201,0.39522627,0.56405365
0.043811724,0.34099498,0.61519337
0.014228224,0.40967292,0.57609886
0.013374813,0.37088758,0.6157377
0.2395906,0.60313344,0.15727589
0.011414302,0.6325044,0.35608134
0.012883015,0.82513833,0.1619786
0.021506632,0.74374676,0.23474665
0.009319017,0.65435606,0.3363249
0.03134619,0.7556842,0.21296956
0.011643997,0.69660276,0.29175326
0.004569068,0.9473981,0.04803276
0.013518674,0.47227672,0.5142046
0.0162442,0.43994853,0.54380727
0.011121347,0.9110524,0.07782629
0.015708646,0.72354555,0.2607458
0.009741166,0.8697601,0.12049879
0.06035958,0.37049294,0.56914747
0.008090674,0.9566806,0.035228714
0.028511992,0.38603595,0.585452
0.046280865,0.80347466,0.15024449
0.021010842,0.64319813,0.335791
0.007895551,0.9363591,0.0557454
0.0075416816,0.9010482,0.0914101
0.01476113,0.66401213,0.32122672
0.0052492796,0.8636798,0.13107088
0.009883818,0.8358247,0.15429147
0.013878259,0.79420644,0.19191527
0.010196457,0.7941865,0.19561711
0.057328645,0.26853743,0.67413396
0.035274252,0.2433321,0.7213936
0.022344984,0.3632931,0.6143619
0.01396019,0.7586294,0.22741047
0.254051,0.07730748,0.6686415
0.0178327,0.7014871,0.28068018
0.009995944,0.6779917,0.3120124
0.08134784,0.25167826,0.66697395
0.014536712,0.26055485,0.7249084
0.0150627345,0.9240869,0.06085037
0.04549316,0.60131806,0.35318878
0.013435971,0.47482195,0.51174206
0.026390396,0.46646273,0.5071469
0.007567951,0.9203923,0.07203973
0.062078107,0.40647906,0.5314428
0.03518731,0.38026997,0.58454275
0.018814087,0.67649007,0.30469593
0.010174276,0.952952,0.036873605
0.026055695,0.69241804,0.28152627
0.009387198,0.8333385,0.15727426
0.009168752,0.81560624,0.175225
0.024181584,0.36606225,0.6097562
0.01145282,0.43250784,0.5560394
0.012329047,0.5499723,0.4376987
0.021423178,0.37904024,0.59953666
0.016832916,0.89627254,0.08689453
0.0120862005,0.6678015,0.32011232
0.011855378,0.75506353,0.23308109
0.03500061,0.41721773,0.54778165
0.11025755,0.28503484,0.6047076
0.004686025,0.8986308,0.09668327
0.019430764,0.82155794,0.15901124
0.011217634,0.7796137,0.2091687
0.057292704,0.35122126,0.59148604
0.017103555,0.45068395,0.5322125
0.014235166,0.6434271,0.34233776
0.011800625,0.84039295,0.14780644
0.0353792,0.4763387,0.48828208
0.028380984,0.49089414,0.48072493
0.0071775666,0.9538294,0.038993135
0.065922685,0.21736233,0.716715
0.018648162,0.5293913,0.45196056
0.04181186,0.47432673,0.4838614
0.07573493,0.5593182,0.36494696
0.049567617,0.35860366,0.59182864
0.005198143,0.94280964,0.051992316
0.014026908,0.89112985,0.09484318
0.019939007,0.7401309,0.23993006
0.05792178,0.398072,0.5440062
0.012963739,0.90672845,0.08030786
0.02019568,0.62800246,0.3518018
0.03519881,0.28574562,0.6790555
0.009828876,0.67871684,0.3114543
0.015672833,0.4171623,0.5671649
0.01584331,0.47351566,0.510641
0.015453135,0.62081224,0.3637346
0.014190883,0.9069749,0.078834295
0.01760798,0.36623535,0.6161567
0.00997934,0.59295493,0.3970657
0.23543331,0.22840881,0.53615785
0.014610053,0.46833783,0.5170522
0.02304421,0.48788953,0.4890663
0.023403646,0.733343,0.2432534
0.02612689,0.44943538,0.52443767
0.03765895,0.2870396,0.67530143
0.02105653,0.52663934,0.45230412
0.012103382,0.8292074,0.15868916
0.016668739,0.4911106,0.49222067
0.013716442,0.6565953,0.3296883
0.093088984,0.37299106,0.53392
0.011224116,0.6880331,0.30074283
0.015823932,0.4593637,0.52481234
0.021602249,0.72839034,0.25000745
0.03083087,0.48192108,0.487248
0.023056984,0.60507506,0.37186795
0.005267961,0.9703926,0.024339492
0.011018493,0.8890367,0.09994483
0.018603882,0.74376893,0.23762721
0.026998991,0.45669383,0.51630723
0.013614622,0.617181,0.36920437
0.009162326,0.829273,0.16156463
0.056369316,0.5763161,0.36731458
0.011441942,0.7997257,0.18883228
0.06729492,0.35974047,0.57296467
0.008669638,0.9434433,0.047887105
0.028272286,0.48846263,0.4832651
0.032993,0.6377522,0.32925487
0.012114947,0.966856,0.021029105
0.005486301,0.9448814,0.04963225
0.009083371,0.90163374,0.089282855
0.013389009,0.3852906,0.6013204
0.012612942,0.4724291,0.5149579
0.008773346,0.9313604,0.059866242
0.009218876,0.78766495,0.20311618
0.025533954,0.5509848,0.42348123
0.01394794,0.8155174,0.17053463
0.010994069,0.8420439,0.14696206
0.01616182,0.5011101,0.48272812
0.022195017,0.738393,0.23941205
0.007088299,0.9727409,0.020170907
0.010071182,0.5334066,0.4565222
0.016170133,0.41157043,0.5722594
0.044664595,0.45874652,0.49658883
0.019660467,0.5663951,0.41394448
0.0153698465,0.8880582,0.096571945
0.01550113,0.7786145,0.20588437
0.014960471,0.6604711,0.32456845
0.10119083,0.26213172,0.6366775
0.011649225,0.7003995,0.28795135
0.013708172,0.86973804,0.11655375
0.037750497,0.44566786,0.51658165
0.005103197,0.96539956,0.02949718
0.013729271,0.5883944,0.39787635
0.037625637,0.48950362,0.47287068
0.024195774,0.42744938,0.54835486
0.01856393,0.5912351,0.39020094
0.2091007,0.5202526,0.27064666
0.0074122725,0.95344764,0.039139982
0.014496807,0.6412865,0.3442167
0.01597903,0.78458375,0.1994372
0.013719023,0.52358115,0.46269974
0.048381798,0.4713728,0.48024535
0.024848575,0.5729194,0.40223208
0.013299595,0.0609909,0.9257095
0.008132447,0.8326676,0.15919995
0.05860952,0.3013474,0.6400431
0.011887416,0.79069966,0.19741286
0.02948719,0.57449603,0.39601675
0.029651279,0.574662,0.39568675
0.022995446,0.42894498,0.5480595
0.010671024,0.60484564,0.3844834
0.008574986,0.87278914,0.11863586
0.020388901,0.60191,0.37770107
0.025967177,0.721966,0.25206673
0.014249781,0.49588406,0.48986614
0.010148861,0.93313307,0.056718145
0.014428538,0.7996157,0.18595584
0.012934018,0.575675,0.41139093
0.013274254,0.8238797,0.16284604
0.014376839,0.85828054,0.12734273
0.007878182,0.8545014,0.13762039
0.008907774,0.949894,0.041198228
0.010290705,0.9138181,0.07589116
0.009584903,0.8319693,0.15844575
0.018935602,0.75873697,0.22232747
0.009665066,0.73152673,0.25880817
0.032696445,0.40359986,0.5637037
0.019639112,0.584879,0.3954819
0.008920157,0.7610136,0.23006627
0.022475677,0.6674096,0.31011468
0.011313931,0.7540126,0.23467343
0.01213351,0.84342694,0.14443952
0.021273399,0.7984227,0.18030393
0.024025695,0.5487629,0.4272115
0.07229126,0.5690366,0.35867217
0.019567247,0.58123267,0.3992001
0.049702365,0.4073579,0.54293966
0.0053417063,0.96390945,0.030748837
0.026281847,0.40622064,0.5674975
0.023015374,0.228596,0.7483885
0.024592504,0.2765242,0.6988833
0.018374512,0.62949485,0.35213062
0.0056285122,0.86820006,0.12617142
0.08423332,0.29942545,0.61634123
0.0068980576,0.20105898,0.792043
0.078436,0.44144508,0.48011893
0.01924009,0.60943455,0.37132534
0.07564715,0.09609568,0.82825714
0.012136366,0.6006431,0.38722056
0.0116281025,0.6032966,0.38507533
0.021347418,0.31652248,0.66213006
0.010633277,0.8892769,0.10008982
0.0149397,0.51008254,0.47497782
0.11480285,0.52467114,0.36052606
0.051216595,0.28955242,0.65923095
0.013095344,0.8403026,0.14660208
0.0058041173,0.5837758,0.41042006
0.008945474,0.94739074,0.043663755
0.008980012,0.86314976,0.12787029
0.0076842937,0.47240633,0.5199094
0.014514204,0.44738176,0.538104
0.010798416,0.95601,0.03319156
0.013430554,0.6962604,0.290309
0.0062829624,0.9211502,0.072566785
0.03604626,0.42578572,0.538168
0.027104083,0.4332046,0.5396913
0.005637738,0.8311332,0.16322906
0.014525034,0.553833,0.43164197
0.028515363,0.55602235,0.41546232
0.013791338,0.577171,0.4090377
0.011362681,0.4270303,0.561607
0.015253344,0.6465892,0.3381575
0.014698589,0.7117209,0.2735805
0.007493622,0.7840094,0.20849699
0.011925331,0.5909799,0.3970948
0.0070111197,0.9035071,0.0894818
0.019223258,0.41489795,0.56587875
0.026021069,0.51325005,0.46072882
0.005817365,0.9294293,0.06475328
0.0054769474,0.8369056,0.15761743
0.0077428753,0.94793266,0.04432437
0.013075926,0.40742964,0.5794945
0.043611947,0.3222904,0.63409764
0.01613768,0.5103685,0.4734938
0.011645818,0.72055554,0.26779863
0.020553274,0.4433739,0.53607285
0.015106081,0.675618,0.3092759
0.06303877,0.30014497,0.6368162
0.019442437,0.68768823,0.29286936
0.022997348,0.45468315,0.52231944
0.017433228,0.36227226,0.62029445
0.011133157,0.69725686,0.2916099
0.020203887,0.67456305,0.305233
0.008501637,0.82395667,0.16754173
0.015637714,0.54517365,0.4391886
0.014781098,0.5534033,0.43181556
0.0112239905,0.8696552,0.119120754
0.016762221,0.6363002,0.3469376
0.034474477,0.48479602,0.48072952
0.0072817965,0.888793,0.10392514
0.013793211,0.7070794,0.27912736
0.015340322,0.8840185,0.10064113
0.02480447,0.43239698,0.5427985
0.014159819,0.5748797,0.41096047
0.011387902,0.89677536,0.09183673
0.014086456,0.79164267,0.19427083
0.036156066,0.49845442,0.4653895
0.016843252,0.82551265,0.15764406
0.018422088,0.5268718,0.45470613
0.31735286,0.35316038,0.32948676
0.018447625,0.43829495,0.5432575
0.011632177,0.92589045,0.062477376
0.0056938487,0.9582817,0.03602446
0.012175584,0.5881269,0.39969745
0.009996804,0.63546044,0.35454273
0.009837681,0.8872472,0.10291513
0.0146256285,0.947326,0.038048413
0.008210362,0.77732337,0.21446635
0.02088334,0.5878814,0.3912352
0.006825036,0.90964997,0.08352502
0.025588486,0.65679145,0.31762004
0.037527725,0.28517738,0.6772949
0.032636717,0.65321,0.3141533
0.012318116,0.8996382,0.088043764
0.010470938,0.5365386,0.4529904
0.013433231,0.8581312,0.12843563
0.007431777,0.8786123,0.11395595
0.013054022,0.6997581,0.2871878
0.029412305,0.5673316,0.40325606
0.019937567,0.81345546,0.16660704
0.00785608,0.96925026,0.022893667
0.027458102,0.60432374,0.36821815
0.11715078,0.20453589,0.6783133
0.018863972,0.59600735,0.38512868
0.0076589924,0.970917,0.021423973
0.022258248,0.5904918,0.3872499
0.010640191,0.7771383,0.21222152
0.078623414,0.30872777,0.6126488
0.015187827,0.6308657,0.35394648
0.008327025,0.88127154,0.110401385
0.012505838,0.4886129,0.49888122
0.23141412,0.18621638,0.5823695
0.02093773,0.4456947,0.5333676
0.018838959,0.5458233,0.43533772
0.028952269,0.534285,0.43676272
0.02104879,0.64525837,0.33369288
0.08805159,0.20981555,0.7021329
0.015788738,0.42239448,0.56181675
0.032237727,0.63095355,0.33680868
0.014691319,0.6658226,0.31948605
0.009174484,0.76814634,0.2226792
0.024056097,0.7696498,0.20629407
0.009562799,0.871241,0.11919624
